226 235 235 238 242 245 244 244 244 245 245 245 246 247 248 248 248 248 249 247 225 221 248 251 251 252 252 251 252 251 252 251 252 252 252 252 252 252 252 252 245 238 251 251 250 251 251 250 251 251 250 250 250 251 250 250 247 250 249 250 248 248 247 246 248 244 246 246 240 242 236 233 235 232 224 221 218 212 209 211 221 234 241 241 233 202 175 169 159 151 
234 237 235 237 232 235 236 240 243 245 246 246 247 248 250 248 249 248 249 249 249 250 251 244 234 251 252 251 251 252 252 252 252 252 252 252 251 252 252 251 251 252 251 252 251 251 251 251 252 251 250 250 251 251 250 250 249 251 250 251 248 250 249 246 250 246 247 248 242 242 242 232 240 237 225 220 215 205 206 198 198 199 189 194 192 185 182 177 169 163 
201 225 201 199 198 197 195 194 197 193 216 246 248 248 250 249 249 249 249 249 250 250 251 251 251 245 224 252 252 252 252 251 251 251 251 252 251 252 252 251 251 252 252 252 251 250 251 250 252 251 251 251 250 251 251 251 248 251 251 251 250 251 250 248 251 245 249 249 244 244 245 240 239 238 224 225 213 208 208 200 194 193 188 193 192 186 187 177 180 170 
200 201 196 195 189 190 189 200 205 210 205 202 226 248 250 249 250 249 250 250 250 251 251 251 252 251 251 234 246 252 251 252 251 252 252 252 251 251 251 251 248 251 251 251 252 251 252 251 252 251 251 251 250 251 251 251 250 250 251 251 249 251 250 249 251 246 250 250 245 244 249 243 242 243 230 227 213 205 207 198 200 198 193 196 193 188 188 181 180 175 
195 195 195 188 194 201 207 210 208 207 208 205 203 245 250 249 250 248 250 250 250 251 251 251 251 251 251 251 238 238 252 252 252 252 251 252 251 252 252 252 252 251 252 248 252 252 252 251 252 251 251 250 251 251 251 251 250 251 251 251 250 251 250 248 251 247 250 250 246 245 250 244 244 244 231 230 214 208 206 200 197 202 199 201 198 193 191 181 186 178 
185 191 198 203 206 208 210 209 206 210 205 204 205 198 250 250 250 250 250 250 251 251 251 251 251 251 251 251 251 243 236 251 252 252 252 252 251 252 252 251 251 251 252 252 251 252 252 252 251 252 251 251 250 251 251 251 249 251 251 251 250 251 250 249 251 251 250 250 246 246 249 246 245 247 233 232 214 206 208 203 201 210 221 213 202 197 198 187 187 177 
186 131 200 207 208 208 211 209 209 209 204 205 203 201 251 250 250 250 250 250 250 251 251 251 251 251 251 248 252 251 235 239 252 252 252 252 252 251 248 252 252 252 251 252 252 252 252 252 252 251 251 250 251 248 251 252 249 251 251 251 250 251 250 249 251 248 250 250 246 246 248 246 246 247 234 232 218 206 205 203 200 215 233 224 223 207 201 190 191 178 
188 204 211 210 206 208 209 208 209 211 210 203 202 205 251 250 250 250 250 251 251 251 251 251 252 252 251 251 251 251 243 238 252 251 252 252 252 252 251 252 251 252 252 252 252 252 251 252 252 252 252 251 250 251 251 251 250 250 251 250 250 251 251 250 251 248 251 250 247 247 248 246 244 246 233 231 215 211 208 200 199 229 236 239 240 227 205 195 188 183 
193 206 210 193 206 207 205 211 209 209 203 203 206 204 251 250 251 250 250 251 251 251 251 251 251 251 251 251 252 251 251 238 246 253 252 251 252 251 252 252 252 251 252 252 251 251 252 251 251 252 251 251 252 252 251 251 250 250 252 251 250 251 250 249 251 248 251 251 247 248 249 246 244 245 234 232 216 210 206 201 201 224 238 238 243 239 210 211 201 187 
194 203 192 207 208 206 210 210 205 206 203 205 206 192 247 250 250 250 251 251 251 250 251 251 251 252 251 251 251 252 251 238 238 252 251 252 251 252 252 251 251 251 252 251 251 252 251 252 251 252 252 252 252 251 251 251 250 251 251 251 251 250 251 249 250 248 250 250 247 246 249 246 244 247 234 233 217 209 210 203 203 226 243 240 245 242 214 228 210 191 
193 199 205 205 209 206 209 208 205 207 208 209 207 210 251 250 250 250 251 251 251 250 251 251 252 251 252 252 252 252 252 249 235 250 252 252 252 251 252 251 251 252 251 252 252 251 252 252 252 248 252 252 251 251 250 252 250 251 251 250 250 251 251 249 251 248 249 250 245 246 248 247 246 248 235 233 217 209 209 207 209 227 241 233 244 242 222 232 214 195 
191 202 209 209 208 208 208 205 209 209 210 209 203 206 250 250 251 250 251 250 251 251 251 251 251 252 251 252 252 251 251 251 238 240 252 251 251 251 251 251 251 252 252 252 251 251 252 251 251 251 251 251 251 252 251 251 251 250 251 250 251 251 251 250 251 249 251 250 246 246 247 247 245 245 235 232 216 212 206 202 208 241 243 240 245 244 217 229 212 196 
187 202 211 203 205 203 205 210 210 211 211 210 211 207 251 250 250 251 251 250 250 251 251 251 251 251 251 252 252 252 251 251 238 233 251 251 249 251 251 252 251 252 252 252 252 252 252 252 252 252 252 252 252 251 251 251 250 251 252 250 251 251 250 250 250 249 250 250 247 248 247 245 246 246 235 232 214 209 206 203 206 234 243 241 245 245 220 231 218 196 
186 199 203 207 205 205 210 208 213 210 211 207 210 210 251 250 251 250 250 250 251 251 251 251 252 252 251 251 251 251 251 251 248 227 244 252 252 252 252 252 251 252 252 252 252 252 252 251 252 251 251 252 251 251 252 252 251 250 251 250 251 251 250 250 251 248 250 250 248 248 248 247 244 244 231 231 217 205 205 204 207 239 243 240 246 245 221 234 219 194 
184 192 203 203 203 209 210 213 212 209 211 209 211 210 251 250 250 250 251 251 251 251 251 251 252 252 251 252 252 252 252 252 251 230 234 252 251 252 251 251 251 251 252 252 252 252 251 252 252 251 252 252 252 252 252 252 252 250 251 251 250 250 250 250 251 249 250 250 247 248 248 248 246 246 233 227 214 208 205 203 206 242 242 235 245 245 221 234 218 198 
182 193 201 206 206 205 210 210 212 214 212 211 211 230 250 250 250 250 251 251 251 251 251 251 251 252 252 252 252 251 251 252 251 231 232 253 252 252 252 251 252 251 252 251 252 252 252 251 252 252 252 252 251 251 252 252 252 251 252 251 251 250 250 250 251 249 251 250 248 248 247 248 246 242 235 227 212 213 205 200 206 243 245 241 246 243 223 229 214 197 
176 190 199 205 208 209 210 211 214 212 212 211 212 245 250 250 251 251 251 250 251 250 251 251 251 251 252 252 251 251 251 252 251 230 227 250 251 251 251 251 251 251 252 248 252 251 252 252 252 251 251 252 252 252 248 251 252 251 250 251 251 250 250 250 250 249 250 250 248 248 247 248 247 245 236 229 215 210 206 199 208 242 245 242 246 243 226 230 218 198 
170 186 194 203 206 208 209 211 214 211 212 212 211 246 250 251 251 251 251 251 251 251 251 251 251 252 252 251 252 251 252 248 251 239 228 232 252 251 252 251 252 251 252 251 252 252 252 252 252 252 252 251 252 252 252 251 251 252 251 249 251 251 250 250 251 249 250 249 244 249 247 247 246 245 235 229 214 210 205 202 210 241 244 239 244 243 195 231 221 199 
162 184 197 206 210 209 209 210 213 213 213 211 209 251 250 250 251 251 251 251 251 251 252 251 252 251 251 251 252 252 252 252 252 241 225 229 252 252 251 251 251 251 252 252 252 252 252 252 251 252 252 252 252 252 252 252 252 251 252 250 251 251 250 250 250 249 250 251 248 248 247 246 248 241 234 228 216 213 207 202 207 240 242 242 245 240 228 227 214 198 
178 179 192 210 206 210 209 213 214 214 213 210 215 250 250 251 251 251 251 250 250 251 251 251 251 251 252 252 251 251 251 251 251 250 217 222 253 252 252 251 251 251 251 251 251 252 252 252 252 252 252 251 251 251 252 255 251 251 251 251 251 250 250 249 250 249 250 250 248 250 246 247 247 241 236 230 216 214 206 202 209 243 243 243 244 239 230 230 213 199 
177 176 193 203 205 210 211 210 212 214 211 210 229 250 250 250 251 251 251 250 251 251 251 251 251 252 252 252 251 251 251 251 251 251 223 221 248 252 251 252 251 252 252 252 252 252 252 251 252 252 252 252 251 251 251 252 251 252 251 252 251 250 250 249 249 249 250 249 250 249 246 247 248 243 236 228 209 212 206 203 210 243 245 244 246 239 227 227 214 198 
169 175 180 199 206 210 211 211 211 214 212 209 243 251 250 251 250 250 250 251 251 251 251 251 252 251 251 251 251 252 251 251 251 250 221 221 241 252 252 252 252 251 252 252 251 252 252 252 251 252 251 251 252 248 252 251 252 251 252 251 252 250 248 249 248 248 250 248 249 248 246 247 248 242 236 227 217 212 208 209 213 244 245 241 246 242 232 225 213 198 
162 170 188 201 193 208 210 210 212 213 214 201 251 251 251 251 251 251 251 251 251 251 251 251 250 251 251 251 252 251 252 251 252 251 218 219 236 252 252 252 252 252 252 252 252 252 251 252 252 252 252 252 251 252 251 251 252 251 252 251 251 251 247 250 248 250 250 248 249 249 246 247 246 238 234 227 217 214 208 205 211 241 245 244 245 237 238 226 210 198 
152 165 187 198 206 207 210 213 212 214 214 212 250 250 250 251 251 251 250 250 250 251 251 251 251 251 252 251 251 251 252 251 251 251 222 219 228 252 252 251 251 252 252 251 251 252 251 251 251 252 251 255 251 251 252 251 251 252 251 252 251 251 250 249 248 249 249 246 248 249 245 248 247 235 234 225 215 215 210 209 215 241 245 245 245 239 240 226 208 199 
137 162 187 197 205 206 210 212 213 214 210 239 250 250 250 250 250 251 251 251 251 251 251 251 251 251 251 251 251 252 251 252 252 251 234 211 217 253 251 251 251 252 251 251 251 251 251 252 251 252 252 252 252 252 252 252 252 252 252 252 252 252 252 251 247 248 250 246 248 248 244 246 247 239 235 222 214 212 210 206 217 239 241 244 243 238 241 224 211 201 
141 156 175 198 207 208 210 212 213 212 213 251 250 250 251 250 250 251 251 251 251 251 251 251 252 252 251 252 251 251 252 251 251 252 250 216 217 235 251 251 251 252 252 251 251 252 252 252 252 252 251 252 251 252 252 251 252 251 252 252 252 251 251 252 251 250 248 246 246 249 243 245 246 236 232 219 212 211 208 208 217 235 239 242 243 232 238 226 211 202 
146 152 182 197 206 202 209 214 193 238 246 250 250 250 251 251 252 251 251 251 251 251 251 251 251 252 251 251 252 252 252 251 252 251 251 214 209 220 252 252 251 251 251 251 252 252 252 251 252 252 252 252 251 252 251 252 252 251 251 252 252 252 252 251 251 251 250 246 247 248 244 246 247 236 233 224 212 208 206 210 218 231 226 240 241 226 238 225 209 201 
146 170 192 203 202 205 246 246 248 243 250 251 250 250 251 251 251 251 251 251 251 251 251 251 251 251 251 251 252 251 252 251 251 252 252 212 202 211 253 252 252 252 252 252 252 252 252 251 252 252 252 252 251 251 252 251 251 251 252 252 251 251 251 252 251 251 251 250 247 249 244 245 246 233 229 219 212 211 206 208 226 231 233 240 240 219 229 220 205 199 
150 178 194 202 203 208 246 245 235 227 251 251 251 251 251 251 251 251 251 251 250 251 251 251 251 251 251 251 251 251 251 251 252 252 252 231 205 209 242 252 252 251 252 251 252 252 252 252 251 252 252 251 251 252 252 251 252 252 251 252 251 251 252 251 251 252 252 252 251 248 242 244 247 233 233 217 212 209 206 208 225 232 230 238 239 222 229 218 201 198 
150 182 196 201 202 204 208 209 215 251 251 251 251 250 251 251 251 251 251 251 251 251 251 251 252 252 252 251 252 252 252 252 252 252 252 250 206 202 213 252 252 252 252 252 251 252 252 252 251 251 252 251 251 252 251 251 251 251 251 252 252 252 251 252 251 251 252 251 252 251 244 243 244 233 231 215 216 209 210 211 238 234 232 236 233 218 223 218 203 198 
162 186 195 202 205 208 206 212 224 251 251 251 251 251 251 251 251 251 251 251 251 251 251 251 252 251 252 251 251 251 252 251 252 252 252 250 203 199 204 253 252 252 252 252 251 251 252 251 251 252 251 251 252 251 252 252 252 251 251 252 251 251 252 252 251 251 252 251 251 251 251 243 245 231 230 214 213 211 209 212 241 239 236 235 234 215 224 217 205 199 
170 185 199 203 205 209 210 210 248 251 250 251 251 250 251 251 251 251 251 250 251 251 251 251 252 251 251 251 251 252 251 251 252 251 252 251 200 199 197 243 252 252 251 251 251 251 251 252 251 252 251 251 251 252 252 252 251 251 252 252 251 251 251 252 251 252 251 252 251 251 251 251 245 234 229 218 212 210 208 215 241 239 235 233 230 216 230 219 205 197 
175 197 203 210 205 207 209 217 251 251 251 251 251 251 250 251 250 250 251 250 251 251 251 251 251 251 251 251 251 252 252 251 252 251 251 251 200 194 196 232 251 252 252 251 252 252 252 252 252 252 252 252 251 251 252 251 252 251 252 251 252 251 251 252 252 251 251 252 252 251 251 251 251 234 225 218 216 210 209 213 241 237 236 234 231 197 226 213 202 196 
181 198 203 192 205 207 210 235 250 250 251 251 251 252 250 251 251 251 251 251 251 251 251 251 251 251 251 251 252 252 251 251 251 251 251 252 194 195 191 198 252 252 252 252 251 252 252 252 252 252 252 252 251 252 252 252 252 252 252 252 251 251 252 251 251 251 251 251 251 251 252 251 251 250 233 219 217 212 209 218 241 241 239 235 227 215 223 214 203 195 
205 210 210 209 216 250 250 251 251 251 250 251 251 250 251 251 251 251 251 251 251 251 251 251 251 251 252 251 252 251 251 251 251 251 233 192 188 191 252 252 252 252 251 252 251 251 251 251 252 251 251 252 251 251 251 252 251 251 252 252 252 251 251 251 251 252 251 251 251 251 251 251 250 233 218 210 211 221 241 236 238 236 229 235 192 213 200 193 193 192 
193 204 201 201 202 204 238 250 250 251 251 251 250 251 251 251 250 251 251 251 251 251 251 251 252 251 252 252 251 251 251 251 251 251 251 251 251 188 190 188 216 252 252 252 251 252 249 252 251 252 251 252 251 252 252 252 252 252 252 252 251 252 252 251 251 252 251 251 251 251 251 251 251 251 251 250 225 216 209 192 243 240 240 238 230 232 226 215 204 194 
196 201 202 201 203 210 250 250 250 250 251 250 251 251 251 251 250 251 251 251 251 251 251 251 251 251 251 251 251 251 251 251 252 251 248 251 250 193 184 182 189 252 252 252 252 252 251 251 251 252 251 252 252 251 252 251 252 251 252 251 251 251 251 251 252 251 251 251 251 251 251 248 251 251 251 251 251 222 215 230 243 239 224 238 229 238 229 215 203 197 
196 199 205 206 211 250 250 250 251 250 251 251 251 250 251 251 251 251 251 251 251 251 251 251 251 251 251 251 251 251 249 252 252 251 252 251 250 188 184 181 191 254 252 252 252 252 252 252 252 252 251 252 252 252 252 252 251 251 252 251 252 252 252 251 252 251 251 248 251 251 251 251 251 251 251 251 251 251 232 243 241 234 239 238 222 234 224 209 200 198 
198 202 201 202 245 250 250 250 251 251 251 250 251 251 251 251 251 251 250 250 251 252 251 251 251 251 251 251 251 251 251 251 251 251 251 251 251 238 182 181 184 193 252 251 251 251 252 251 252 252 251 252 251 252 251 252 252 251 251 248 251 251 251 251 252 252 251 251 252 251 251 251 251 251 251 251 251 251 250 248 241 234 239 235 219 232 221 208 201 200 
195 199 202 238 250 250 250 251 250 251 251 250 250 251 251 251 251 251 251 251 251 251 251 251 251 251 251 251 251 252 251 251 251 251 251 252 251 245 178 170 175 184 253 252 251 251 252 251 252 252 251 252 252 251 252 251 251 251 251 252 251 251 251 251 251 251 248 251 251 251 251 251 251 251 251 251 251 251 251 251 250 238 235 232 222 226 219 206 200 198 
197 187 223 251 250 250 250 251 251 250 250 250 250 250 251 251 251 251 251 251 251 251 251 251 251 251 252 251 251 251 251 251 251 251 252 251 251 250 173 169 182 176 252 252 252 251 251 251 251 252 252 252 251 252 251 252 251 251 251 251 251 251 252 252 252 252 251 251 250 251 251 251 251 251 251 251 251 251 251 251 251 250 240 228 223 224 214 205 201 199 
195 214 250 250 250 251 251 250 251 250 250 251 250 250 251 251 250 251 251 250 251 251 251 251 251 251 251 251 251 251 251 251 252 251 251 251 251 250 170 163 164 168 244 252 252 251 251 251 252 251 251 251 251 251 251 251 252 251 251 251 251 252 251 251 251 248 251 251 251 251 251 251 251 251 251 251 250 251 251 251 251 251 251 243 236 223 214 202 201 198 
206 250 249 250 250 250 250 250 251 250 251 250 251 251 251 251 250 251 251 251 251 251 251 251 251 251 251 251 251 251 251 251 251 252 251 252 251 250 175 165 166 166 185 252 252 252 248 251 251 251 251 251 251 252 251 251 252 251 252 251 251 252 251 252 251 251 251 251 251 251 251 251 251 251 251 251 251 251 251 251 251 251 251 251 248 226 209 205 201 196 
238 248 249 250 250 250 251 250 250 250 250 251 251 251 251 251 251 250 251 251 251 251 250 251 251 251 251 251 251 251 251 251 251 251 251 251 251 250 171 163 165 162 175 252 252 252 252 252 251 252 252 251 252 255 252 252 251 252 252 251 251 251 251 252 251 251 251 251 251 251 251 251 251 251 251 251 251 251 251 251 251 251 251 250 250 248 215 206 201 198 
249 249 250 250 250 250 251 250 251 250 250 250 251 251 251 251 251 251 251 251 250 251 251 251 252 250 251 251 251 251 251 251 251 251 251 251 251 251 210 163 157 158 168 250 251 250 251 252 252 251 252 251 251 252 252 251 251 251 251 251 251 251 251 252 251 251 251 251 251 251 252 251 251 251 251 251 251 251 251 250 251 251 251 251 250 250 250 233 201 198 
248 250 250 250 250 250 250 250 251 250 250 250 250 250 250 251 251 251 251 251 251 251 251 250 251 251 251 251 251 252 251 251 251 251 251 252 251 251 193 163 155 159 163 253 252 251 251 251 252 252 251 252 251 251 252 251 251 251 252 251 251 251 251 251 251 252 251 251 252 251 251 251 251 252 251 251 251 251 251 250 251 251 251 251 250 250 250 247 194 189 
248 249 250 249 250 250 250 250 250 251 251 250 251 251 250 251 251 251 251 250 250 251 251 251 251 251 251 251 251 251 251 251 251 251 251 251 251 251 197 158 154 154 158 252 251 251 251 252 252 251 251 251 251 251 251 251 251 251 252 252 251 251 251 251 252 251 251 251 251 251 251 251 251 251 251 250 251 251 251 251 251 251 250 250 251 250 250 249 247 202 
247 250 250 250 250 250 251 250 251 251 250 250 251 250 250 251 251 251 251 251 251 251 251 251 251 251 251 251 251 251 251 251 251 251 251 251 251 251 198 155 148 156 155 178 251 251 251 252 251 251 251 251 251 251 251 251 252 251 251 251 251 251 251 251 251 251 251 251 251 251 251 251 251 251 251 251 250 251 251 251 251 250 251 250 250 251 250 249 249 243 
244 249 250 250 250 250 250 251 250 250 251 251 251 251 251 251 250 251 251 251 251 251 251 251 251 251 251 251 251 251 251 251 251 251 251 251 251 251 213 150 151 158 155 167 252 251 251 252 252 252 251 251 251 251 252 251 251 251 251 251 251 252 251 251 251 251 251 251 251 251 251 251 251 251 251 251 251 251 250 251 251 251 250 251 250 250 250 250 250 244 
239 246 250 249 249 250 250 250 250 250 250 250 250 251 251 251 251 251 251 251 251 251 251 251 251 251 251 251 251 251 251 251 252 251 248 251 251 251 250 150 143 149 156 155 253 252 252 251 251 251 251 251 251 251 252 252 251 252 251 251 251 251 251 251 251 251 251 251 251 251 251 251 251 251 251 251 251 251 251 251 251 251 250 250 250 250 250 250 249 241 
225 246 250 250 250 250 250 250 250 251 251 251 251 251 251 251 251 251 250 251 251 251 251 251 251 251 252 251 251 251 251 251 251 251 251 251 251 251 246 149 147 138 149 151 253 251 251 251 251 251 252 251 251 251 251 251 251 251 252 251 251 252 251 251 251 251 251 251 251 251 251 251 251 251 251 251 251 251 251 251 250 251 250 250 251 250 250 250 246 236 
214 242 248 249 250 250 250 250 250 251 251 251 251 251 251 251 251 251 251 251 251 251 251 251 251 251 251 251 251 251 251 251 251 251 251 251 251 251 250 148 132 139 146 150 186 251 251 251 251 251 251 248 251 251 251 251 252 251 251 251 251 251 251 251 251 251 251 251 251 251 251 251 251 251 251 251 251 250 250 251 250 250 251 251 250 249 250 249 248 227 
194 235 240 250 250 250 250 250 251 250 251 250 251 251 251 251 251 251 251 251 250 251 251 251 251 251 251 251 251 251 251 251 251 251 251 251 251 250 250 146 141 129 141 147 155 251 251 251 252 251 251 251 251 251 251 251 251 251 251 251 251 251 251 252 251 248 251 251 251 251 251 251 251 251 251 251 250 251 251 251 250 250 251 250 250 250 250 249 246 216 
175 224 243 250 250 250 250 250 250 250 250 250 251 251 251 251 251 250 250 251 251 251 251 251 251 251 251 251 251 251 251 251 251 251 251 250 251 251 249 131 138 137 138 148 150 252 252 251 251 251 251 252 251 251 251 251 251 251 251 251 251 252 251 251 252 251 251 251 251 251 251 251 250 251 251 251 251 251 251 251 251 251 251 250 250 250 250 249 243 202 
153 203 241 249 249 250 250 250 250 250 250 250 250 250 250 251 251 250 251 251 251 251 251 251 251 251 252 251 251 251 251 251 251 252 251 251 251 251 250 153 137 123 149 146 147 248 251 251 251 251 251 251 251 251 251 251 251 251 251 251 251 252 251 251 251 251 251 251 251 251 251 251 251 251 251 251 251 251 251 251 251 250 251 251 250 250 250 249 238 185 
139 203 241 249 250 250 250 250 250 251 250 251 251 251 251 250 250 251 251 251 251 251 251 251 251 251 251 251 251 251 251 251 251 251 251 251 251 251 250 152 138 130 134 138 141 242 251 251 251 251 251 251 251 251 251 251 252 251 251 251 251 251 251 251 251 251 251 251 251 251 251 251 251 251 251 251 251 250 251 250 251 250 251 250 250 250 249 246 219 166 
131 196 238 249 249 250 250 250 250 250 250 250 250 250 251 251 251 250 251 251 251 250 251 251 251 251 251 251 251 251 251 251 251 251 251 251 251 251 251 178 133 136 123 131 139 213 251 251 251 251 251 251 251 251 251 251 251 251 251 251 251 251 251 251 252 251 251 251 251 251 251 251 251 251 251 251 251 251 251 251 251 251 251 250 250 250 249 244 199 146 
126 191 236 246 249 250 250 250 250 250 250 250 250 250 250 250 251 250 250 250 250 251 251 251 251 251 251 251 251 251 251 251 251 251 251 251 251 251 251 127 102 117 113 131 140 165 251 251 250 251 251 251 251 251 251 251 252 251 251 251 251 251 251 251 251 251 251 251 251 252 251 251 251 251 250 251 251 251 251 251 251 251 251 250 250 250 247 238 196 128 
116 178 223 245 249 250 250 250 250 250 250 250 250 251 251 251 250 250 250 250 250 251 251 251 250 251 251 251 251 251 251 248 251 251 251 251 251 251 250 213 121 106 121 132 136 153 252 251 251 252 251 251 251 251 251 252 251 251 251 251 251 251 251 251 251 251 251 251 251 251 251 251 251 251 251 250 251 251 251 251 251 251 251 250 250 250 246 235 177 119 
107 150 212 243 248 249 250 250 250 250 250 250 250 251 251 251 250 250 250 251 251 251 251 250 251 251 251 251 251 251 251 251 251 251 251 251 251 251 251 224 125 125 125 133 133 143 251 251 251 251 251 251 251 251 251 251 251 251 251 251 251 251 251 251 251 251 251 251 251 251 251 251 251 250 251 251 250 250 251 251 251 251 251 250 250 249 248 224 154 114 
