97 103 72 70 74 85 102 118 114 107 116 116 131 117 136 135 128 132 132 133 141 149 150 155 129 126 149 144 152 151 154 149 145 148 150 154 152 154 144 145 146 146 148 147 147 149 146 145 145 142 149 149 150 149 145 138 133 142 134 119 105 88 91 98 96 100 89 83 62 54 52 72 110 107 113 103 94 94 94 154 179 180 185 183 185 186 193 195 190 195 
91 91 83 97 111 99 104 114 119 123 125 120 122 133 140 151 155 167 166 164 156 155 156 165 150 154 158 154 156 155 158 157 157 158 154 154 152 153 155 155 153 153 153 148 150 152 153 150 152 139 143 141 142 147 146 147 132 102 104 98 107 115 117 94 70 68 74 66 64 61 61 72 101 101 102 101 96 92 81 90 107 174 179 180 184 188 185 188 189 192 
150 115 107 122 106 115 119 121 139 178 189 189 197 195 197 199 203 203 202 200 195 164 166 166 166 166 159 157 161 162 164 160 162 154 154 152 156 158 158 156 156 152 152 151 155 154 153 152 150 148 147 148 149 148 149 147 146 142 134 130 117 110 108 101 101 100 96 88 73 71 70 74 107 114 114 98 89 89 91 88 89 89 2 182 171 178 184 184 188 193 
130 118 122 125 126 153 184 189 189 181 171 164 201 202 203 206 210 210 210 210 201 165 158 168 163 166 157 155 156 157 160 163 162 156 155 151 152 170 158 156 154 150 151 152 148 152 151 151 137 148 146 147 150 151 149 148 147 145 144 146 148 146 133 123 113 104 102 102 98 96 66 104 103 105 114 106 99 96 88 82 82 83 77 90 180 176 174 166 180 186 
146 146 163 160 168 177 192 202 205 204 205 144 205 211 216 213 211 212 210 210 208 202 198 182 178 162 174 170 176 189 183 176 171 167 162 162 160 163 163 155 155 153 150 152 155 151 147 147 148 149 147 148 148 147 150 147 145 146 145 148 127 119 114 132 135 134 115 116 113 66 95 110 115 130 127 150 134 103 91 87 83 85 73 75 82 107 184 175 170 184 
180 179 186 185 187 189 198 205 210 213 196 165 209 208 213 210 210 210 208 208 206 210 211 209 193 208 208 210 213 211 213 212 211 210 209 209 212 210 209 207 205 202 194 179 166 151 155 149 149 150 150 150 149 152 152 150 150 145 150 148 135 137 136 134 135 140 126 121 102 96 94 114 123 124 129 125 120 131 106 99 100 92 83 78 74 74 91 163 188 157 
201 199 194 188 189 200 206 210 208 203 108 196 209 210 212 212 210 209 206 209 208 211 212 209 208 212 210 210 212 214 211 211 211 209 210 210 211 211 209 209 208 210 208 211 209 209 203 203 199 176 166 157 151 150 151 148 146 146 149 150 146 138 135 134 136 138 132 135 116 99 98 121 123 123 123 116 118 123 119 104 96 97 91 82 83 78 81 88 130 187 
163 156 197 201 198 198 201 202 211 207 196 137 131 163 184 191 196 197 197 192 187 184 178 170 171 182 128 197 199 201 210 211 212 211 209 211 209 210 211 209 210 205 209 209 207 211 209 210 209 206 202 203 206 195 163 154 145 142 141 141 145 147 146 138 135 137 124 136 121 106 108 123 124 123 114 125 126 121 124 115 96 93 95 86 88 89 83 82 85 100 
165 203 200 201 198 198 203 211 210 211 209 206 209 212 208 209 211 210 210 208 211 212 214 216 216 216 213 214 211 210 209 186 165 145 128 138 178 184 211 210 194 209 209 210 211 210 210 210 206 208 207 207 210 210 210 203 201 184 151 147 146 147 137 136 135 138 133 131 133 114 106 127 129 125 132 127 127 119 117 117 117 100 97 94 89 85 85 86 88 95 
197 205 201 201 201 201 205 211 210 210 206 205 207 210 214 214 214 213 213 214 212 215 218 218 217 213 213 214 214 216 218 215 212 214 213 213 212 211 192 144 116 143 194 210 211 210 210 209 210 207 208 209 209 208 210 207 203 205 192 206 187 151 136 138 138 131 138 126 131 107 118 147 146 149 139 134 128 120 117 116 135 118 99 94 86 90 88 84 93 94 
210 206 202 202 203 202 210 208 210 208 206 209 210 211 213 215 216 216 217 215 219 219 218 218 215 217 218 216 214 216 216 213 213 212 214 215 216 217 215 213 215 211 211 149 104 157 205 209 209 209 210 208 208 208 209 210 207 211 211 206 206 203 203 185 150 146 145 135 127 112 106 147 150 154 152 148 147 131 122 125 123 123 122 97 96 88 92 93 100 96 
212 206 205 209 209 211 212 211 206 209 205 206 209 210 212 212 214 215 218 220 219 218 218 215 214 216 216 217 219 217 215 214 214 214 215 217 215 214 217 214 215 215 214 214 214 200 123 100 190 211 212 211 210 208 206 205 209 211 205 208 203 205 205 204 209 202 158 133 133 116 118 154 155 154 158 152 157 147 253 131 130 117 114 126 98 92 94 95 97 64 
147 186 194 210 208 211 211 210 212 210 207 203 203 203 188 178 201 216 214 214 214 215 217 219 218 219 219 217 219 215 218 217 217 217 214 214 213 216 215 217 216 214 213 214 214 216 215 203 124 93 180 210 212 211 212 210 209 206 205 210 208 210 210 205 205 202 203 201 171 121 121 149 154 153 156 162 160 154 134 130 121 170 119 153 124 100 96 93 94 96 
126 137 141 144 163 158 162 156 151 150 138 133 132 123 127 141 144 144 145 155 174 193 210 213 219 216 219 216 215 217 219 219 218 217 215 216 218 215 217 214 213 214 215 219 216 217 216 214 212 201 104 96 193 211 211 210 208 208 210 210 211 208 203 206 205 208 206 206 203 196 176 157 154 156 159 166 164 154 141 137 190 124 135 127 117 117 90 93 100 100 
118 134 124 133 135 145 150 152 152 148 146 148 147 152 152 155 156 150 146 150 152 160 157 159 178 203 216 216 216 218 220 210 214 217 217 218 217 217 217 216 215 217 214 217 216 217 214 214 214 211 216 196 91 101 206 208 208 210 210 211 211 209 210 208 206 211 209 210 202 200 200 202 184 162 159 163 162 148 149 139 131 134 168 124 134 118 114 100 99 97 
119 120 128 142 147 146 149 148 147 149 148 147 148 155 152 152 146 146 148 147 150 154 155 156 164 177 206 220 220 219 220 219 217 218 219 218 218 218 216 216 215 215 217 216 214 214 214 213 214 218 212 214 161 86 106 208 211 210 210 209 210 211 208 208 209 211 209 192 202 202 202 211 206 186 131 157 163 154 152 149 129 131 141 128 150 116 124 102 99 64 
116 130 135 152 144 147 147 154 150 149 152 148 147 149 150 152 151 151 146 150 150 147 150 152 165 131 168 216 218 218 219 218 218 216 218 217 216 218 218 218 210 214 213 214 216 217 217 216 214 214 214 213 210 107 92 148 209 209 208 210 211 210 211 210 205 208 206 210 205 203 203 206 206 202 180 165 167 157 150 148 134 125 134 121 131 127 115 106 100 97 
108 125 6 145 142 145 148 152 150 151 147 146 147 148 152 151 152 150 147 147 145 151 151 150 153 152 156 170 216 219 219 220 216 218 218 218 219 219 218 218 216 215 214 216 216 217 216 214 214 213 214 214 214 203 92 90 194 207 211 210 211 210 208 209 206 212 209 211 206 202 203 208 205 207 206 174 150 157 148 150 145 123 126 123 134 122 118 120 100 100 
107 116 123 139 139 150 149 150 151 144 146 149 144 155 151 150 146 151 147 149 150 151 150 149 147 148 156 175 191 220 219 217 218 218 219 219 217 219 218 215 218 216 215 217 215 216 214 215 214 208 215 215 215 211 168 80 99 209 211 210 210 210 209 210 211 211 211 209 208 203 204 209 210 210 209 201 169 155 154 151 147 124 123 121 177 120 122 131 103 99 
107 121 125 145 146 146 147 146 149 151 150 151 147 148 150 149 153 151 151 145 146 147 149 151 152 152 145 155 165 218 219 218 219 219 216 216 217 217 217 217 217 215 216 214 215 215 217 217 217 214 213 213 215 213 206 91 77 155 209 208 210 212 211 210 210 208 208 211 206 209 210 206 205 208 221 206 196 163 152 147 151 128 126 124 129 116 126 134 107 98 
100 118 121 138 145 145 144 152 151 153 148 145 147 148 152 153 149 152 146 148 145 148 151 148 151 147 145 147 157 206 218 219 219 217 217 217 216 216 216 216 214 215 214 214 214 214 217 214 215 214 214 215 213 215 214 183 78 88 214 212 210 210 209 210 210 212 210 210 208 210 206 208 210 212 211 210 206 191 155 151 150 148 128 124 3 121 130 134 136 104 
96 116 107 137 144 145 151 149 150 148 147 147 144 154 153 156 149 147 146 145 146 152 151 147 148 158 150 149 153 184 222 222 218 218 219 218 218 217 217 215 213 214 213 216 216 215 215 214 216 214 215 217 214 214 212 211 96 78 123 211 212 210 211 212 209 212 210 211 208 203 206 210 211 210 209 210 207 202 177 154 154 153 131 76 121 118 120 130 130 122 
93 105 115 145 145 147 146 147 144 148 144 147 153 149 152 148 148 142 149 144 152 152 150 145 145 154 153 153 149 153 223 218 216 217 220 219 219 219 214 218 216 217 216 217 214 214 213 215 213 215 216 213 216 214 212 212 190 86 83 203 211 208 209 211 213 213 211 211 208 205 208 212 211 211 208 208 206 205 202 175 155 149 134 124 125 114 123 122 150 127 
90 115 125 145 140 141 138 144 146 150 149 147 147 147 142 150 149 147 144 147 144 146 150 152 149 153 147 147 148 130 219 218 218 217 220 216 217 216 218 218 217 218 216 213 216 215 215 214 213 213 212 211 214 214 214 209 206 93 75 127 212 211 211 211 210 210 210 211 210 212 206 210 210 211 210 211 211 206 203 196 156 152 147 125 123 120 118 120 131 139 
92 113 125 137 139 146 149 149 152 151 148 148 147 149 148 148 148 145 147 145 145 148 148 153 148 146 144 148 148 154 214 218 217 216 219 218 219 219 219 211 215 214 217 218 218 216 215 216 215 214 215 215 215 214 211 214 211 183 83 88 199 212 209 210 210 211 213 211 212 205 209 208 211 210 210 212 210 205 205 206 188 156 142 129 122 122 116 112 127 125 
90 113 120 136 139 157 149 150 150 146 145 144 141 149 147 150 149 143 146 145 147 148 150 148 141 145 137 147 151 150 204 216 213 217 216 218 219 218 218 216 218 218 216 216 219 218 213 213 213 214 216 215 216 214 213 213 214 211 175 82 84 195 210 209 210 212 211 211 210 209 211 209 209 211 211 211 205 208 204 211 206 201 155 139 124 121 124 128 123 128 
91 109 119 135 139 149 145 147 142 144 144 142 146 147 146 144 142 141 139 143 149 147 147 139 139 147 145 150 148 149 128 218 217 217 219 218 218 218 217 216 216 216 218 218 220 217 215 216 214 217 217 215 215 216 214 211 215 214 212 132 75 83 213 211 213 211 210 211 209 208 210 212 211 213 212 210 209 209 205 211 206 210 202 166 133 126 131 127 124 112 
97 120 125 146 140 139 139 144 145 148 146 141 143 139 142 148 144 147 130 139 142 142 144 146 138 147 141 144 147 149 214 218 220 218 217 217 218 218 219 219 218 216 218 214 216 216 215 216 213 214 213 215 215 215 214 215 213 214 212 208 87 85 122 214 211 210 211 212 209 209 211 212 211 210 211 210 209 209 206 206 206 209 207 204 166 128 125 119 120 118 
103 127 128 130 138 138 138 147 142 148 138 138 138 146 149 147 146 147 136 138 141 131 152 137 147 142 142 140 139 155 222 219 216 217 218 217 219 218 219 218 215 214 214 216 216 216 216 213 216 214 214 216 215 217 214 211 214 212 214 213 202 86 78 141 210 210 212 214 212 208 209 211 211 212 211 211 211 205 205 205 207 210 209 206 205 185 125 122 124 126 
107 130 129 128 145 139 147 147 142 130 139 139 141 145 147 148 146 142 141 142 138 145 138 148 142 139 142 146 146 164 224 219 219 218 216 219 219 218 219 215 216 215 213 215 219 215 212 214 214 213 216 216 216 216 212 213 216 212 214 213 214 187 81 83 204 214 211 211 211 209 212 211 211 212 212 212 209 203 206 205 211 209 208 202 202 202 184 132 126 129 
117 123 132 132 139 137 139 145 145 137 139 137 147 146 147 144 144 141 141 136 145 130 147 141 138 139 139 150 150 208 219 218 218 217 218 218 218 218 218 216 215 216 218 218 217 208 214 213 213 216 216 216 216 214 212 212 215 214 214 214 215 206 86 72 90 217 211 211 208 210 211 209 212 212 212 209 209 207 208 209 211 211 192 203 202 202 204 194 133 129 
123 137 137 135 139 136 136 139 141 146 146 139 142 139 140 148 146 147 146 141 129 142 141 145 145 145 145 148 210 216 219 220 218 219 219 217 216 217 217 218 218 217 214 214 214 216 218 216 214 214 215 214 216 217 217 216 215 215 214 216 216 213 134 78 82 180 210 213 211 213 213 210 208 209 211 211 211 211 206 205 205 206 209 210 210 203 202 197 175 131 
121 142 137 125 132 135 134 147 141 142 142 143 139 144 148 149 147 150 139 127 139 145 147 147 149 139 146 166 220 219 217 220 221 218 217 218 217 218 216 219 218 215 215 214 216 216 217 216 214 215 213 215 217 214 217 213 215 213 213 215 215 216 203 79 81 90 217 212 213 211 211 211 210 214 212 212 212 203 205 205 208 207 210 210 207 202 201 201 203 190 
127 138 134 129 134 136 140 145 141 144 134 139 137 138 147 145 145 137 123 139 137 147 148 145 138 139 152 219 219 222 219 219 219 218 217 218 216 218 219 216 217 216 216 218 217 219 217 214 215 214 216 216 217 216 215 217 214 214 217 215 214 212 210 90 80 85 194 212 212 212 211 211 219 213 214 211 206 209 207 208 209 209 209 206 205 202 202 204 201 200 
124 188 123 121 127 132 135 138 137 134 138 141 144 142 147 148 144 122 138 138 142 147 146 148 139 141 213 219 222 222 219 220 218 218 218 218 218 220 217 216 216 218 218 219 217 218 216 216 214 216 217 218 218 214 216 212 215 215 217 216 215 216 213 153 83 83 129 211 211 212 212 212 212 212 214 209 208 209 206 210 210 207 211 206 203 201 202 203 205 200 
126 135 137 131 131 137 136 135 140 141 139 139 133 131 124 114 134 130 138 135 135 142 138 147 175 210 211 211 213 214 216 216 219 218 215 216 217 216 219 219 218 217 217 215 217 218 216 218 219 218 217 216 216 216 217 217 215 214 212 214 216 216 214 154 75 75 89 218 213 216 214 211 212 212 210 211 210 209 194 206 205 207 206 210 207 209 203 203 199 203 
131 137 146 135 132 136 135 136 137 138 137 136 134 131 130 140 142 141 142 138 134 137 142 150 194 190 182 192 205 210 212 216 215 209 215 212 212 215 216 217 214 215 214 218 216 220 219 219 216 215 214 216 217 218 219 217 216 214 214 216 216 218 215 202 78 74 79 196 212 215 212 212 210 213 211 213 211 211 210 205 206 222 209 206 210 203 202 201 201 201 
132 138 135 128 136 135 138 138 147 138 131 135 129 136 139 139 145 139 136 136 135 136 171 203 210 205 208 209 213 215 218 220 220 212 200 203 213 216 215 214 212 212 211 214 213 215 216 215 218 215 216 219 218 218 218 215 216 216 216 218 217 217 216 208 80 74 83 133 213 214 211 212 211 212 214 212 210 208 206 206 205 209 210 209 204 202 205 202 202 202 
132 135 135 132 126 131 136 133 137 138 133 116 133 143 137 138 145 136 134 136 137 192 215 215 212 208 207 209 211 214 215 214 214 214 213 217 220 224 227 224 218 205 202 211 218 219 217 214 214 213 218 215 217 216 215 214 216 218 214 216 218 210 213 200 74 76 79 118 217 212 212 213 212 214 213 213 209 206 209 208 211 211 211 208 205 203 202 202 206 203 
127 4 130 127 126 130 135 136 136 123 137 131 136 139 138 140 135 124 129 142 211 217 215 213 212 212 208 210 211 216 217 214 212 212 213 215 220 218 217 214 216 215 217 220 220 222 220 224 218 214 210 212 216 212 213 216 216 216 217 218 216 213 215 181 70 75 81 122 216 215 212 214 214 213 213 210 209 206 206 210 210 205 211 205 202 205 206 205 205 202 
133 130 135 129 125 132 136 131 112 136 131 130 136 142 133 136 130 133 157 212 214 212 213 213 210 211 209 212 211 216 208 214 214 214 217 217 216 217 216 214 215 211 214 216 218 218 217 217 219 220 219 220 220 219 220 219 220 218 214 214 212 211 211 97 72 72 78 116 215 211 213 215 214 212 212 210 209 209 210 211 210 210 203 206 205 202 210 205 203 202 
138 135 129 133 132 136 122 140 131 136 135 136 131 132 128 137 136 202 211 208 210 210 211 213 212 212 206 209 208 212 212 214 214 210 214 214 217 218 218 217 217 217 215 215 215 218 217 218 214 212 217 217 217 218 216 219 218 217 217 218 220 219 207 68 63 67 60 142 209 213 212 210 211 212 211 213 213 212 210 206 208 205 206 207 207 205 202 201 201 203 
125 124 126 2 126 112 131 137 131 128 134 125 133 129 129 136 216 209 210 210 208 208 211 210 213 210 206 203 205 212 212 213 214 213 214 215 213 217 215 217 214 218 216 215 215 218 217 218 214 216 217 217 219 219 219 217 214 213 214 219 218 217 176 69 70 66 71 148 214 217 214 212 217 210 211 209 209 193 203 206 205 210 208 211 210 205 205 201 200 198 
122 124 125 122 106 120 250 130 127 129 125 126 125 130 153 210 204 203 203 206 203 210 210 211 211 205 208 206 209 211 211 214 211 211 213 212 216 216 216 217 214 214 215 218 218 219 219 217 214 218 217 219 221 219 219 218 214 216 218 217 216 216 131 66 67 64 72 196 213 215 212 212 212 215 213 214 211 211 210 209 208 211 210 210 206 200 201 200 203 198 
120 117 114 118 125 124 126 126 128 127 121 121 125 174 202 203 202 199 201 201 203 203 204 204 205 203 202 206 210 210 209 213 210 212 212 214 214 216 215 212 214 216 217 219 217 220 213 215 215 215 217 217 217 219 218 216 216 210 218 218 218 212 84 66 70 70 73 198 214 213 213 212 211 209 210 209 209 210 209 208 210 211 208 194 207 209 202 205 203 192 
117 116 103 117 118 150 122 123 0 123 116 118 147 203 198 198 198 198 196 199 201 201 201 200 199 201 203 206 205 207 207 209 208 211 208 214 215 214 211 214 212 215 216 216 217 208 219 215 217 219 216 220 217 216 216 217 216 218 218 214 215 205 66 66 72 70 72 197 211 213 212 212 213 212 211 210 210 206 205 205 209 211 210 206 207 206 210 206 202 189 
114 110 116 117 116 119 114 119 122 122 122 171 197 195 195 196 196 200 199 198 197 198 192 202 203 203 202 203 202 203 206 209 210 213 211 209 212 213 214 215 217 216 214 215 216 218 217 217 217 217 216 215 218 218 218 216 214 214 216 216 215 203 73 64 64 65 70 195 214 214 213 213 211 210 211 211 212 211 208 208 206 210 210 207 205 203 202 203 197 181 
96 118 117 113 117 115 116 116 117 122 9 200 191 193 195 195 198 196 194 195 197 197 199 201 201 201 200 203 204 206 208 210 210 209 210 211 212 216 212 214 214 214 214 215 217 217 216 214 214 216 216 217 218 218 217 217 216 217 215 217 215 171 68 66 65 66 71 203 215 214 212 212 211 209 212 213 210 206 205 205 208 209 212 210 210 206 201 201 197 169 
110 115 120 107 106 114 116 117 119 120 195 187 192 193 194 194 195 192 193 192 194 193 197 201 192 196 203 202 210 203 206 206 208 209 212 211 214 216 216 212 213 214 217 219 218 218 219 217 216 218 218 217 219 218 218 219 219 219 217 218 214 14 66 68 68 67 72 211 212 211 211 212 211 211 211 210 209 209 207 209 210 210 209 206 209 203 200 202 195 163 
105 113 105 106 106 117 115 118 118 184 188 187 188 191 194 191 190 194 193 194 195 196 198 198 197 198 199 205 205 204 206 203 205 205 211 212 214 215 209 213 212 215 217 218 216 217 216 215 218 210 217 217 217 216 215 218 215 217 218 217 212 93 66 66 65 68 73 214 212 212 211 210 212 212 211 196 208 203 209 211 211 210 205 205 202 202 202 201 189 149 
99 102 115 117 114 104 101 115 182 188 187 191 188 187 187 190 192 194 193 190 190 192 192 196 201 200 201 200 203 202 205 204 209 211 209 212 210 211 212 214 215 215 214 212 214 216 218 215 210 211 214 216 213 216 217 217 215 215 214 214 210 75 67 64 64 62 81 217 211 214 213 211 210 209 209 211 210 208 206 209 208 203 209 206 210 208 201 195 178 139 
97 104 115 120 113 111 115 166 186 189 189 186 186 185 188 188 189 192 188 190 189 191 195 198 198 200 198 199 202 204 210 204 207 206 209 209 212 211 213 214 211 214 212 213 215 216 216 217 214 213 213 218 215 216 217 213 213 214 215 216 206 67 66 64 59 65 72 212 211 210 210 209 205 208 211 211 210 208 206 206 208 206 210 206 206 200 201 194 176 123 
91 104 115 116 106 112 142 182 187 188 186 185 184 185 186 192 191 193 129 188 190 189 195 196 198 201 198 200 199 202 206 206 209 210 205 210 211 212 212 213 213 213 213 215 211 216 217 216 214 214 213 212 213 215 216 208 212 212 213 214 203 70 66 66 66 65 96 215 213 214 212 209 208 205 210 211 211 210 206 209 206 194 209 206 203 201 201 192 153 112 
87 99 104 107 105 123 184 182 183 189 186 186 185 187 190 190 192 190 187 189 187 188 196 197 200 196 198 198 201 206 210 205 206 203 205 209 211 213 212 213 211 212 213 213 213 213 212 210 211 213 211 212 213 214 214 213 213 212 212 211 175 67 64 59 64 61 86 215 211 212 210 209 209 210 210 210 211 205 205 205 203 206 210 203 204 202 198 185 150 97 
88 104 102 112 115 188 182 184 185 187 186 188 188 190 191 190 191 186 188 191 190 194 196 197 195 197 197 199 202 206 206 206 204 202 203 208 211 211 211 212 212 211 212 215 211 212 208 212 209 210 214 211 213 214 212 213 211 211 215 211 123 64 62 61 62 66 106 214 210 210 208 209 210 210 209 207 203 205 203 204 206 205 205 203 200 198 196 181 137 87 
85 92 102 106 187 184 185 183 183 183 184 186 187 188 192 188 186 186 188 190 192 194 197 194 197 196 196 201 202 205 206 202 203 203 203 211 210 210 211 210 209 212 215 211 210 211 209 205 206 211 212 213 214 211 211 211 212 212 212 209 92 61 64 57 66 68 115 211 208 209 209 207 208 208 209 206 203 202 202 210 204 205 203 202 200 197 196 170 122 81 
77 98 104 176 182 182 177 179 184 182 186 187 185 187 187 189 187 189 191 187 189 192 191 195 198 199 198 200 202 200 206 204 206 206 205 205 209 212 211 211 210 211 209 210 209 211 213 211 208 207 210 209 212 212 213 212 210 210 210 195 70 66 69 56 60 66 186 212 210 209 208 206 205 205 206 210 206 209 202 202 203 201 203 202 200 197 187 145 94 83 
83 96 145 179 180 178 178 184 184 182 185 186 184 188 185 188 187 188 188 189 191 189 196 196 197 199 199 199 200 204 203 206 206 203 203 203 203 210 206 211 209 210 210 206 210 211 210 194 205 205 209 210 210 211 210 210 209 210 206 199 67 66 0 59 59 66 185 210 211 211 208 206 203 207 206 205 210 201 202 202 201 205 205 200 196 196 181 134 92 83 
76 98 158 169 175 178 183 182 179 183 180 184 184 184 188 188 187 186 187 189 189 194 196 198 192 196 199 201 201 203 206 210 203 201 202 203 203 210 210 203 209 208 210 208 211 210 211 209 205 209 195 210 210 211 210 210 209 208 206 181 61 64 61 58 58 68 187 209 210 205 203 203 203 206 211 204 203 203 203 201 206 204 201 192 197 194 171 130 82 78 
73 127 146 163 174 179 182 181 182 178 180 181 185 190 187 186 186 188 187 190 192 193 195 194 195 199 198 200 200 201 204 203 203 203 200 203 202 210 193 205 208 207 210 209 210 210 202 205 204 205 210 210 211 206 208 207 209 209 208 148 67 61 59 60 68 63 185 206 205 203 204 205 210 206 206 203 200 201 203 202 203 203 201 199 194 191 171 113 78 72 
