119 106 117 128 159 179 177 166 164 155 161 163 160 145 148 146 143 152 181 183 184 175 153 1 154 150 153 159 161 162 159 155 154 154 157 162 176 188 188 175 168 176 196 193 187 185 182 179 177 169 152 139 133 129 148 137 117 120 120 119 114 125 133 135 133 125 116 107 101 100 97 124 101 114 106 97 85 85 85 81 87 84 85 79 81 107 133 145 147 147 
139 156 149 145 145 151 156 157 164 164 164 133 155 144 144 152 191 191 187 187 186 169 169 177 170 165 163 159 161 158 165 166 167 176 182 197 188 179 181 183 190 188 201 194 184 181 170 167 171 166 172 169 175 177 183 174 151 131 125 121 122 149 148 144 144 122 117 117 125 119 103 98 97 99 96 101 104 109 99 85 81 80 85 84 81 85 81 85 119 141 
184 151 146 139 143 153 153 165 165 165 164 156 156 149 149 156 200 193 189 186 185 173 177 176 170 161 167 164 157 166 164 165 143 146 173 174 178 184 184 185 186 193 202 197 195 193 191 193 189 182 185 187 166 151 179 178 172 175 173 174 170 164 148 150 148 124 119 123 120 121 122 114 113 115 111 105 103 99 106 102 103 101 89 82 85 77 82 80 86 86 
147 145 148 138 144 153 159 166 165 164 162 148 155 155 152 151 152 155 153 153 155 148 146 148 144 143 141 143 146 146 142 139 128 121 127 251 131 136 141 138 149 155 156 179 194 200 199 193 194 191 192 196 193 196 195 189 154 152 179 181 180 186 186 185 181 154 133 127 127 121 116 113 132 131 123 125 118 118 101 98 103 102 113 114 96 83 80 79 83 82 
142 144 147 149 154 159 177 193 197 199 198 194 192 189 178 165 148 144 145 143 146 130 129 2 120 120 121 121 127 124 125 120 122 119 129 127 127 128 127 128 123 145 160 159 148 168 165 199 197 192 196 196 193 189 198 193 187 191 187 145 180 188 193 195 197 195 194 189 151 129 121 117 141 139 144 137 134 122 118 110 104 101 100 97 100 104 105 93 87 84 
154 176 188 195 194 198 205 195 197 198 200 192 194 196 196 201 154 152 150 144 141 127 123 130 127 122 112 117 122 120 125 124 125 125 120 122 124 128 128 137 136 147 156 155 145 155 164 185 201 197 200 198 198 198 201 199 187 191 189 186 187 118 197 198 193 184 180 182 179 180 156 128 138 138 138 147 147 142 139 129 121 104 98 99 100 99 100 104 102 98 
189 188 184 176 191 201 191 197 201 198 200 198 199 196 195 197 150 149 147 141 144 127 130 131 124 125 127 125 121 132 123 122 122 118 117 122 118 134 133 131 130 138 157 153 146 141 155 210 202 201 200 201 203 203 205 200 195 195 195 196 192 193 96 179 194 181 187 184 185 185 176 177 175 143 146 147 143 129 138 138 136 129 127 117 102 100 101 97 96 106 
189 193 194 199 185 124 202 196 202 197 197 200 205 210 210 199 149 144 146 147 137 133 130 127 135 122 125 122 117 126 128 125 117 123 122 121 123 129 131 129 143 146 162 162 169 202 203 205 204 198 198 202 203 203 202 201 197 199 200 200 198 198 144 123 195 186 188 185 183 183 180 183 187 187 168 149 146 141 138 138 140 141 139 132 117 117 98 96 104 99 
195 197 201 202 189 118 200 202 209 205 203 201 205 211 209 116 155 145 143 138 147 130 127 128 123 123 122 251 125 125 127 74 121 121 123 127 136 134 137 141 195 205 211 213 213 209 202 205 202 202 205 206 206 206 203 205 201 203 203 200 201 186 90 146 207 195 192 192 189 183 184 183 188 189 191 186 148 146 146 145 145 138 144 134 135 131 113 117 106 104 
195 195 193 191 148 203 206 203 202 201 202 204 206 209 128 130 152 147 147 147 145 131 130 129 127 128 119 125 129 132 3 123 126 122 131 131 146 196 214 212 217 219 221 217 215 213 213 210 208 209 208 209 209 204 208 204 200 202 203 201 174 89 113 201 202 200 196 193 197 192 190 191 194 193 192 191 187 153 144 146 147 149 138 137 135 136 135 136 120 144 
196 202 203 129 210 208 204 192 209 209 203 201 201 128 163 152 152 148 148 143 131 126 133 132 132 131 125 123 124 253 129 133 131 138 196 215 213 217 216 217 219 217 218 219 219 217 215 214 213 212 214 211 213 211 207 204 196 186 128 95 117 187 204 207 202 198 192 200 199 198 193 194 194 194 194 193 190 187 144 141 141 143 145 142 137 138 135 130 128 133 
203 203 133 213 208 205 208 208 209 206 203 200 124 163 157 149 150 146 145 145 138 136 132 134 133 124 125 122 255 134 139 189 216 217 215 214 216 217 218 217 218 217 219 217 218 218 217 215 213 214 215 215 213 210 180 95 99 163 199 206 209 209 203 205 201 198 200 202 200 197 194 198 197 198 197 196 194 189 157 143 137 145 139 138 136 136 133 134 136 132 
186 146 213 208 208 209 210 210 210 204 198 124 162 155 152 150 148 145 143 145 157 133 131 135 128 129 123 131 149 203 218 214 216 215 217 217 217 219 216 216 217 219 219 221 218 218 216 214 215 213 214 203 123 91 112 188 210 210 215 214 210 207 207 202 202 203 202 202 199 198 196 197 200 198 199 198 194 192 185 137 142 144 139 134 135 133 130 139 134 118 
157 207 208 209 209 210 211 209 210 201 121 164 149 152 151 147 141 145 148 143 144 130 136 129 127 122 150 209 221 221 220 218 219 217 220 219 219 217 216 215 216 217 220 219 220 217 218 215 213 181 93 90 153 206 213 213 213 215 213 210 211 214 211 209 210 202 201 203 199 200 196 201 200 199 201 196 195 192 179 141 139 137 131 135 133 136 136 136 139 255 
182 197 209 210 209 208 205 202 176 137 150 145 144 144 144 146 143 147 149 140 139 125 130 133 174 226 223 223 221 220 223 221 219 219 218 216 216 218 220 218 221 221 218 218 220 218 215 177 87 92 192 214 216 215 217 214 212 213 212 213 216 213 212 212 210 209 202 206 204 202 196 198 199 199 201 199 196 192 143 127 130 130 133 133 135 133 132 130 130 126 
175 194 206 207 208 209 208 198 122 164 144 146 142 146 145 147 141 148 143 138 138 133 138 159 229 223 223 223 221 221 220 221 223 219 221 218 220 220 220 218 219 218 218 218 218 217 189 87 86 171 213 217 217 216 214 212 213 214 213 213 214 214 210 211 209 209 214 210 204 202 200 200 198 201 200 201 196 192 122 132 131 133 136 134 129 133 132 133 132 135 
165 187 197 207 207 208 209 149 148 150 143 142 140 145 146 146 147 145 143 143 146 135 145 216 225 223 223 221 224 224 223 223 221 219 218 220 219 218 219 218 219 220 219 220 219 207 98 83 138 215 215 215 218 210 214 213 213 213 213 214 214 211 212 211 209 209 208 214 195 203 202 200 200 201 200 197 195 175 125 130 132 132 132 132 131 129 130 130 133 133 
153 184 202 209 193 204 155 130 156 143 148 147 141 141 141 141 147 147 146 144 143 136 212 226 225 226 194 221 224 223 223 223 222 223 220 219 218 217 221 219 220 217 220 217 208 128 89 137 219 215 217 214 216 216 216 217 211 213 212 212 213 214 214 211 209 209 209 211 211 211 206 202 200 200 197 197 189 128 130 130 131 131 134 133 137 3 122 124 129 181 
147 178 201 192 207 177 111 163 149 146 150 141 144 141 144 149 148 147 143 141 146 193 228 226 227 227 226 226 225 226 225 223 222 222 219 218 219 221 220 219 216 223 219 215 163 87 104 217 215 216 216 216 215 217 216 214 213 213 211 213 212 213 215 211 209 209 209 210 207 210 209 207 202 201 201 196 156 112 125 129 128 135 132 134 133 123 131 127 130 133 
139 175 141 207 197 122 149 147 146 147 145 146 143 142 146 146 148 143 145 143 178 227 225 228 229 226 226 226 228 224 225 225 223 220 220 219 221 221 220 217 219 220 218 202 95 87 177 218 217 217 218 218 218 217 214 213 213 213 215 214 214 214 212 214 211 210 211 209 210 204 204 205 205 205 202 173 117 123 129 127 132 133 130 130 122 127 126 184 127 132 
129 153 187 204 151 120 154 151 146 138 145 141 145 142 149 147 140 143 145 157 219 228 227 225 228 226 225 229 228 224 225 224 220 221 252 222 221 221 219 218 219 220 218 122 88 117 218 218 217 217 218 216 218 216 216 213 215 215 215 213 213 212 213 210 210 211 211 209 209 208 207 203 206 202 183 134 118 132 133 132 136 129 8 123 123 128 128 129 129 130 
123 161 192 167 99 156 141 146 146 146 151 128 144 140 144 147 146 147 152 212 225 227 226 229 230 229 228 226 226 225 226 225 224 223 221 221 219 222 220 221 221 218 175 84 95 205 218 217 217 215 217 218 218 218 216 216 213 213 213 213 214 213 214 210 209 209 208 209 209 209 192 204 201 173 120 120 138 131 130 121 130 253 132 130 131 124 122 119 122 126 
113 153 177 118 146 145 139 145 146 146 139 136 141 143 146 148 145 149 177 220 221 228 229 231 230 229 228 227 227 227 226 225 192 221 220 220 222 219 219 218 218 214 85 74 136 220 218 217 218 217 216 216 217 217 210 213 211 213 217 214 214 214 213 213 208 210 212 209 210 193 205 204 200 138 99 137 131 125 126 124 253 132 127 128 122 118 120 120 126 123 
105 146 125 112 153 143 141 139 146 139 143 138 146 147 143 147 149 154 221 217 223 229 230 230 229 230 228 228 228 227 226 225 224 222 223 224 221 222 221 217 218 191 83 86 212 218 218 218 217 216 220 218 215 208 214 214 213 217 215 215 215 213 213 213 210 212 209 210 209 208 207 203 191 103 122 2 125 125 122 121 130 125 129 120 120 121 121 123 123 124 
101 114 103 154 148 137 141 133 145 146 147 146 141 138 141 145 147 212 220 219 224 230 229 230 230 230 230 228 226 225 226 227 225 223 221 221 220 221 221 223 215 65 74 113 220 219 218 218 219 216 217 216 216 216 216 215 215 214 213 213 213 214 214 210 211 210 210 212 210 210 209 205 132 120 128 133 132 134 128 128 128 129 125 130 125 132 122 122 120 113 
81 100 130 146 141 136 137 145 146 142 146 138 134 141 141 153 229 223 221 221 221 225 230 232 233 231 229 229 229 224 227 227 225 221 223 220 218 219 218 217 141 74 89 216 219 220 218 217 217 217 215 218 217 217 216 214 215 216 214 213 215 216 213 210 211 210 210 212 211 210 205 194 122 136 140 141 138 132 125 124 118 129 125 131 123 119 121 119 115 123 
88 117 4 136 134 137 129 147 147 143 137 138 140 137 157 227 224 225 221 220 221 225 229 232 230 229 229 226 227 228 227 227 225 223 221 219 221 220 221 209 81 76 142 219 222 219 219 217 217 218 215 217 216 217 209 214 213 213 213 216 215 214 211 211 210 210 210 211 211 209 208 177 139 141 141 138 136 132 129 126 130 126 125 127 120 121 122 120 121 123 
90 117 125 135 135 144 136 139 146 135 137 136 139 167 229 225 227 225 224 221 232 226 228 232 231 229 229 227 229 227 228 226 225 223 219 222 222 221 215 147 80 83 216 221 221 219 217 217 216 216 218 218 217 209 215 213 213 216 217 216 214 211 214 213 211 210 210 212 209 209 208 176 142 146 139 139 135 133 134 131 128 128 131 120 119 119 120 122 124 121 
94 112 131 136 141 138 137 141 139 135 141 137 155 227 224 192 223 225 225 239 226 225 226 226 230 229 230 229 231 230 227 225 225 225 224 221 222 219 187 77 74 93 225 220 220 219 217 217 217 217 217 219 208 215 215 212 214 216 216 214 211 211 212 210 211 211 211 209 210 205 207 202 141 139 139 137 137 134 131 133 132 134 127 126 123 122 123 128 122 121 
101 123 134 138 136 135 137 141 142 147 139 156 223 223 221 225 226 228 228 223 221 222 225 227 233 232 230 229 227 228 229 227 225 223 220 223 221 216 89 83 82 150 218 219 219 219 218 218 217 217 217 215 215 217 215 212 215 212 211 212 214 212 212 209 209 208 208 210 208 209 192 196 137 136 138 137 138 137 133 131 131 131 129 130 128 121 119 117 119 119 
115 137 137 132 132 137 134 137 139 141 154 223 223 222 224 224 226 226 226 227 227 225 226 227 233 231 229 231 229 230 228 228 225 221 221 220 221 187 83 84 74 214 219 218 221 217 218 218 217 216 219 217 216 215 214 214 213 213 212 213 213 212 211 209 209 209 210 209 209 208 205 205 143 142 138 137 141 130 132 131 128 133 132 132 122 124 114 117 120 119 
117 130 132 131 133 133 135 137 138 187 225 220 221 221 223 225 224 224 225 227 228 226 226 227 225 230 229 229 228 229 227 227 221 223 225 232 221 102 82 74 77 222 219 222 220 219 219 217 215 216 218 217 215 215 214 213 210 209 214 214 212 211 209 210 209 209 210 211 209 207 205 205 200 141 138 138 132 128 129 130 131 137 130 75 124 122 122 122 125 118 
118 130 131 135 129 132 138 134 136 213 218 219 223 223 223 223 225 225 226 225 229 227 226 211 224 226 230 232 231 229 227 226 223 223 253 224 220 90 75 77 80 221 220 221 219 219 214 214 217 217 218 216 214 213 212 213 211 213 213 212 209 212 209 209 212 210 209 208 204 205 204 206 202 154 140 132 131 128 133 135 131 132 130 128 125 127 125 127 123 120 
120 137 130 134 130 129 131 134 215 219 221 223 220 222 219 223 224 225 227 227 227 225 224 225 227 227 229 230 228 228 227 226 223 193 223 223 203 85 83 78 98 222 218 217 217 218 217 217 212 214 213 213 214 214 214 212 211 214 212 210 211 211 212 209 207 208 208 209 209 207 209 204 202 195 145 138 136 138 130 128 127 125 130 127 131 64 120 116 119 120 
125 131 129 127 126 125 128 177 220 221 220 219 219 219 220 221 223 224 221 223 225 224 226 224 225 209 227 229 227 229 226 223 192 223 223 221 146 85 77 74 80 220 219 217 219 218 217 214 213 213 213 218 214 213 214 210 209 212 210 211 211 212 209 210 209 207 210 210 208 209 205 205 204 206 195 137 136 133 131 130 129 129 131 124 126 124 120 117 123 118 
122 126 130 127 134 129 193 218 219 221 216 217 217 217 218 224 220 216 219 222 223 225 226 221 223 221 223 225 231 226 222 223 221 221 219 217 202 83 83 72 82 218 218 218 216 215 218 214 214 213 212 214 213 213 211 213 211 211 212 212 212 213 209 209 209 211 209 208 209 208 203 205 203 205 209 197 138 136 130 130 133 129 130 124 124 122 121 120 120 121 
125 130 134 129 131 212 218 218 218 216 213 213 213 214 213 215 216 214 215 219 221 223 223 221 220 218 217 221 225 224 220 217 218 217 217 218 193 78 81 71 81 219 212 215 215 213 214 213 212 212 213 211 211 208 211 209 209 211 212 209 209 208 209 211 208 211 209 209 205 205 205 205 205 206 205 203 199 138 130 131 131 134 130 130 121 123 117 125 118 120 
131 127 132 130 205 216 214 213 214 210 210 209 210 211 212 211 211 212 213 216 219 221 221 221 219 216 214 218 218 223 219 218 218 215 218 216 171 82 72 72 73 196 211 212 211 211 212 210 211 214 212 210 210 208 209 209 208 211 210 209 209 209 209 210 207 209 210 209 204 204 204 207 209 203 204 202 199 197 177 137 134 128 84 129 121 125 124 124 121 119 
189 138 133 203 213 212 211 209 209 207 210 204 205 208 208 210 211 213 213 212 217 218 219 221 218 217 215 216 218 216 217 216 216 216 213 211 127 73 81 77 78 137 208 210 209 210 210 211 208 208 207 209 209 210 207 210 207 208 205 207 205 208 210 205 204 205 205 210 208 209 204 204 204 203 205 205 202 201 199 193 137 127 131 132 131 125 115 114 120 123 
134 136 185 210 209 209 207 209 205 209 209 202 209 203 205 211 208 211 205 212 212 214 217 217 218 208 212 212 211 214 215 214 213 211 210 209 176 81 77 76 69 81 211 207 205 208 209 209 203 204 202 195 205 209 203 205 203 202 202 205 206 205 205 202 202 202 205 209 209 204 201 203 201 201 205 202 202 200 199 197 196 185 138 131 0 120 118 117 160 121 
125 171 209 207 203 202 202 204 203 205 202 202 203 202 210 210 209 211 209 210 214 214 216 217 217 214 212 209 209 212 213 212 210 209 208 207 199 82 75 75 71 71 184 201 210 205 205 202 202 201 201 206 201 203 201 204 200 201 204 204 203 201 202 201 202 202 205 205 205 201 203 203 201 204 205 202 201 198 198 197 199 200 194 168 131 123 125 121 121 115 
150 210 201 202 201 201 203 205 203 200 200 200 202 203 202 210 208 208 209 210 209 214 214 216 215 216 210 212 209 211 210 213 209 209 208 208 201 82 81 69 70 69 81 202 205 205 203 201 201 200 205 202 202 192 198 199 197 203 201 201 202 198 199 197 200 201 203 203 202 201 201 201 202 201 203 201 202 198 201 197 198 195 194 194 184 131 123 124 125 119 
203 196 199 200 200 202 202 202 201 199 201 201 200 203 205 206 205 205 205 208 210 211 214 213 212 213 210 210 210 210 212 210 210 207 205 205 202 80 72 69 70 70 73 133 205 201 201 200 200 200 201 202 199 199 199 197 197 198 198 200 198 196 195 197 199 200 198 199 196 198 199 207 201 199 200 200 198 201 195 198 197 197 195 192 191 186 158 125 121 117 
202 197 197 197 201 198 200 201 201 198 198 200 200 203 203 203 210 203 205 205 209 210 211 213 212 213 213 208 208 208 209 210 209 204 207 202 205 178 75 71 72 71 75 75 202 202 198 198 197 198 199 200 199 198 197 195 195 165 196 194 196 194 193 195 194 197 198 199 197 199 196 195 200 200 200 200 196 198 197 200 198 197 195 189 191 184 184 181 125 123 
199 197 195 197 196 202 198 201 201 198 198 198 201 202 203 205 202 203 202 204 205 209 212 209 211 211 212 210 209 209 209 207 209 204 221 206 206 201 106 72 69 68 71 73 97 203 197 196 196 195 196 195 193 194 193 193 192 193 196 195 193 195 193 194 197 196 197 197 195 197 195 198 199 199 201 197 197 198 195 197 194 193 194 193 194 193 190 190 184 133 
197 197 197 195 195 201 202 200 205 206 205 201 203 202 205 206 208 211 208 209 210 211 214 214 214 218 213 214 210 208 210 208 213 209 209 207 208 206 150 81 77 71 69 70 77 202 201 199 197 198 196 197 198 198 198 197 196 197 197 197 198 197 198 196 198 200 196 203 202 200 201 201 203 201 203 205 205 201 196 200 201 200 201 201 198 195 191 191 185 174 
204 200 200 199 199 201 201 205 203 203 202 202 202 202 206 209 209 209 205 207 207 196 212 214 215 214 215 215 211 209 209 205 211 208 208 209 209 206 192 83 70 70 67 72 72 129 199 193 197 196 196 198 198 199 198 195 193 191 193 197 198 197 196 198 198 198 203 201 203 199 201 201 200 203 200 202 205 202 202 201 201 202 200 201 198 193 191 189 189 170 
201 199 197 194 199 198 202 205 203 203 200 202 203 205 205 205 206 202 204 206 207 210 210 212 212 213 214 212 211 210 209 208 209 203 202 202 200 198 194 87 66 70 70 73 74 77 204 193 195 196 200 197 194 194 193 195 195 194 196 199 198 198 198 200 198 202 203 202 202 200 200 196 202 205 208 210 202 206 202 200 204 202 201 197 197 193 192 192 186 163 
195 200 200 198 196 199 201 202 202 202 199 199 202 203 205 203 201 203 202 202 208 208 212 210 211 211 210 210 211 203 200 198 199 199 202 201 198 199 198 175 69 73 71 71 74 71 88 194 193 194 198 197 197 192 193 195 192 197 198 197 197 198 198 197 202 202 200 199 198 200 203 201 210 206 209 203 202 204 201 204 203 202 192 198 197 193 196 194 183 152 
191 203 201 199 195 198 196 199 202 203 203 203 202 200 205 202 203 203 203 202 203 203 207 206 209 205 202 201 200 198 199 201 200 198 199 198 197 201 198 189 74 74 71 65 65 82 81 202 197 194 190 194 195 196 197 198 195 196 198 198 198 200 201 195 198 201 202 209 209 205 208 207 205 205 210 206 206 209 203 202 200 200 199 197 197 193 192 189 177 144 
182 196 200 199 195 195 198 200 201 201 192 198 198 197 200 200 201 200 198 195 200 197 201 202 205 201 201 202 202 201 201 195 199 197 198 197 198 198 199 197 149 80 70 68 69 87 72 32 195 194 192 195 196 197 197 195 197 195 197 196 195 201 202 203 202 204 209 210 206 210 205 205 205 205 207 204 208 205 201 201 198 194 199 197 194 194 191 187 175 132 
165 189 196 198 196 194 197 197 199 200 197 193 193 189 194 190 193 194 192 193 198 200 199 201 196 201 201 202 201 203 199 198 197 198 202 200 201 201 200 194 186 74 72 74 68 70 84 70 193 189 194 196 196 199 195 192 198 198 206 203 203 205 202 205 202 206 205 209 210 205 202 209 205 210 207 210 207 201 201 200 203 200 200 198 195 193 192 187 168 121 
145 180 197 199 194 196 193 194 192 187 188 188 186 190 192 190 189 189 190 194 197 200 200 199 200 202 201 201 205 205 203 199 197 198 199 201 201 199 197 197 194 92 84 78 75 66 71 68 129 192 191 194 195 197 202 202 201 206 210 205 205 203 205 202 205 209 210 210 205 207 204 208 207 212 210 205 202 201 201 201 201 202 200 196 195 191 189 188 155 104 
125 168 191 195 190 186 183 182 186 188 187 187 187 187 188 189 191 185 193 191 191 194 196 201 203 205 202 205 209 203 206 202 199 199 198 197 199 205 200 200 198 178 79 69 70 71 78 67 91 203 199 199 202 203 204 208 203 202 202 202 209 205 210 192 205 205 206 210 208 209 210 205 204 205 202 206 209 205 200 200 199 197 200 198 195 193 189 177 135 95 
111 155 187 190 188 185 178 185 186 185 186 184 185 186 184 191 190 191 189 194 192 196 198 203 202 203 202 202 202 206 209 202 200 197 196 199 201 200 201 199 194 186 78 71 75 93 76 65 67 167 199 200 204 205 203 205 202 202 201 206 210 205 208 202 202 208 208 211 210 210 207 205 202 205 206 205 205 202 202 201 201 199 198 199 196 191 187 166 149 84 
103 148 178 185 186 185 184 181 184 183 181 186 181 184 187 189 191 191 191 192 196 198 200 202 203 202 204 201 206 206 204 202 198 196 197 196 198 195 195 192 197 199 154 84 70 74 84 60 63 81 199 202 205 205 202 202 202 203 210 206 206 206 195 205 203 206 210 209 204 203 202 201 202 209 206 203 202 199 201 200 199 200 199 198 192 190 180 128 116 80 
91 141 165 182 186 184 182 182 181 177 180 184 182 187 187 189 188 188 191 194 197 195 197 202 197 202 201 202 206 205 203 201 193 193 196 199 205 205 203 201 201 199 197 81 74 72 81 66 65 70 191 203 205 200 205 203 203 206 210 210 206 205 205 204 207 206 209 211 203 204 203 204 209 206 210 206 202 201 198 201 202 201 197 195 193 188 177 152 102 77 
89 134 166 183 190 185 183 178 182 181 182 184 184 182 184 187 189 191 193 193 193 197 197 199 200 203 194 193 194 199 202 205 204 201 200 199 199 203 203 203 201 202 198 138 69 74 90 69 66 67 132 200 203 205 206 209 202 202 203 204 206 205 209 208 203 205 203 210 210 209 210 203 203 201 200 204 202 199 200 200 197 198 198 197 193 190 175 130 81 66 
88 132 165 184 182 183 182 183 182 181 179 180 183 183 181 188 187 189 128 192 191 192 194 196 197 203 200 202 202 203 205 203 206 199 198 197 198 204 203 203 205 202 203 187 82 72 75 75 64 65 78 208 205 204 203 201 203 202 203 206 210 206 209 202 202 203 205 209 209 206 205 202 202 201 202 203 204 202 198 200 198 199 198 195 193 186 166 116 73 69 
85 123 156 176 176 179 176 184 179 182 179 181 181 182 185 184 185 187 187 196 197 201 202 202 201 202 200 202 201 203 206 205 201 201 199 198 197 198 201 202 198 201 198 197 164 70 70 71 60 65 66 183 201 203 202 202 203 205 206 204 210 209 203 202 202 203 209 210 205 203 203 203 202 203 205 203 203 200 201 200 197 200 197 196 192 187 152 99 73 70 
