152 152 145 151 138 134 129 139 162 166 151 165 157 162 170 171 159 149 161 181 177 176 164 162 169 180 176 173 157 132 135 121 114 104 127 145 137 139 141 133 137 140 118 112 116 123 123 127 0 138 129 106 114 114 116 117 105 102 127 128 133 131 113 103 99 84 83 84 82 77 75 74 72 69 75 75 80 77 81 82 84 101 129 135 141 128 144 144 145 145 
148 153 157 150 150 130 167 169 177 166 130 145 131 113 117 136 169 183 168 176 173 181 187 178 149 120 124 125 112 116 114 114 115 111 128 140 142 137 137 135 131 129 124 113 118 120 120 114 120 123 114 122 136 133 120 114 106 112 122 130 131 116 101 101 100 97 100 99 101 99 93 97 91 80 83 81 77 74 85 85 79 82 83 88 104 121 131 132 145 144 
177 167 132 138 127 131 146 140 138 137 133 135 146 159 168 156 154 154 157 169 162 153 133 138 137 114 112 113 118 122 122 123 118 112 133 146 149 146 135 125 125 124 114 116 125 120 121 117 127 137 132 128 129 118 111 117 123 135 132 131 128 123 112 123 105 107 102 100 96 96 91 93 96 105 116 98 86 84 81 82 85 81 83 85 81 84 83 103 129 135 
145 149 147 145 115 122 147 137 145 148 175 178 190 155 164 165 165 162 149 134 131 121 124 124 118 115 120 120 120 123 121 116 115 115 133 153 151 145 132 129 128 128 126 117 121 118 116 117 129 141 135 120 119 114 117 121 119 133 129 118 0 130 133 139 115 116 114 114 100 102 96 93 98 95 98 101 97 103 97 90 86 85 82 81 81 82 80 84 86 103 
148 148 154 145 137 137 144 176 185 181 165 183 177 167 168 163 155 132 118 117 115 115 107 117 119 116 113 118 107 116 119 118 119 120 138 147 148 133 129 131 129 128 122 117 116 120 119 120 139 130 122 114 123 117 120 119 113 121 135 136 140 138 139 178 103 116 118 121 113 112 106 98 96 97 96 97 101 101 97 96 100 100 91 86 85 83 79 77 85 101 
154 160 154 147 152 176 180 179 162 187 187 186 181 173 162 177 147 122 121 120 120 119 123 123 125 11 141 131 137 135 139 145 145 133 153 154 153 138 131 133 89 127 123 116 122 122 123 122 126 125 119 114 123 121 121 117 117 122 138 146 144 148 144 134 119 116 121 117 116 125 102 111 118 100 104 104 103 100 97 97 98 112 114 106 67 85 80 77 84 100 
155 162 133 181 179 181 157 188 186 186 187 188 184 176 180 178 178 173 170 173 175 174 178 179 194 199 195 180 180 181 182 182 184 190 193 201 202 193 191 192 192 188 188 180 177 163 138 125 128 129 255 119 122 123 120 121 109 125 147 147 145 145 141 130 119 123 122 119 125 121 118 116 122 137 132 121 110 101 103 100 99 101 101 102 98 101 97 81 89 101 
168 189 188 185 176 133 192 187 188 186 185 186 185 182 181 180 180 176 177 179 182 179 194 201 196 185 184 191 183 185 185 183 184 188 200 209 201 197 193 189 189 194 188 193 192 188 187 187 187 189 178 157 131 123 117 120 117 122 137 142 140 141 141 129 114 122 124 125 115 117 113 120 131 127 117 125 125 132 118 113 103 99 101 98 93 97 98 107 106 98 
189 193 190 185 172 97 174 185 188 188 189 189 183 181 180 179 179 178 179 174 177 185 179 174 166 169 131 156 155 165 176 178 189 194 200 199 199 194 194 193 196 193 188 188 189 191 192 188 195 193 185 185 184 186 183 162 136 129 136 135 142 149 146 123 122 121 122 122 122 118 118 118 132 129 136 135 130 123 127 123 123 104 109 102 102 67 97 98 101 101 
193 193 192 190 185 182 150 138 145 148 151 150 151 156 157 170 176 178 178 199 200 195 191 193 194 192 194 188 193 189 196 195 195 196 191 185 165 149 134 149 182 187 185 185 189 192 192 190 191 192 187 184 189 187 187 186 182 184 181 174 152 145 144 121 121 123 122 122 128 123 116 120 131 133 139 140 137 129 129 122 116 133 129 115 103 100 97 95 100 107 
194 194 195 192 192 191 190 192 191 192 188 187 186 187 187 189 189 198 202 205 194 197 198 196 195 194 193 194 192 193 197 197 194 199 202 208 209 202 199 198 195 179 149 113 134 181 191 188 194 191 192 194 192 189 184 186 185 186 194 193 194 193 175 141 127 255 124 125 122 117 117 125 129 137 138 140 141 136 137 133 138 136 119 121 120 121 101 99 107 114 
191 195 193 194 193 193 195 193 191 189 188 187 185 187 186 195 209 205 202 197 196 196 198 195 193 192 195 193 196 194 197 193 196 203 205 211 209 205 203 201 201 199 201 200 198 183 144 99 153 192 193 193 191 191 187 186 185 190 194 196 195 192 192 188 180 170 135 130 121 115 123 134 135 136 138 145 135 137 137 129 136 135 137 130 116 123 121 125 114 118 
187 191 194 193 197 196 195 198 195 191 188 188 188 188 201 205 204 195 196 195 197 197 197 194 194 193 193 194 195 197 198 197 197 201 209 210 210 203 200 200 202 200 201 198 200 200 199 198 187 146 98 159 196 194 193 191 197 195 195 198 192 192 193 187 187 189 184 178 155 127 119 133 141 139 138 134 137 137 137 137 139 137 135 132 127 120 130 120 128 114 
176 186 196 195 193 194 197 197 197 196 195 194 196 201 201 198 194 195 194 195 198 197 198 196 194 193 196 197 196 197 197 197 199 202 207 211 208 208 201 201 201 202 203 201 205 205 201 201 202 202 199 161 90 117 187 190 192 195 197 199 196 194 193 189 187 189 187 187 182 181 168 148 138 139 139 137 137 135 131 137 141 135 136 131 131 127 130 128 118 130 
147 165 178 175 166 168 151 148 144 130 133 118 95 105 120 147 137 138 152 155 170 179 181 196 200 200 195 196 195 196 201 198 202 210 208 210 208 205 205 206 205 203 201 200 204 206 203 210 202 201 201 199 201 161 90 124 185 197 196 196 199 201 194 187 187 187 187 186 186 185 186 183 179 143 140 144 145 144 136 136 135 133 135 137 133 131 128 129 126 122 
100 121 100 106 104 100 97 103 102 107 105 120 115 129 138 152 148 153 146 146 149 159 151 165 180 190 202 195 198 198 201 202 205 205 209 211 209 210 206 203 203 203 201 201 205 205 209 202 202 204 202 200 203 202 156 87 105 187 197 200 198 198 193 189 187 185 189 187 187 186 184 186 186 182 150 145 146 131 137 132 135 137 137 135 130 131 131 124 128 125 
121 130 124 124 128 255 137 141 145 136 141 145 137 135 141 141 138 136 137 138 144 154 152 154 149 152 177 192 200 200 202 193 201 203 207 214 211 210 206 203 203 202 201 205 209 209 202 202 205 203 203 203 206 202 198 169 83 104 189 200 199 197 193 192 187 194 191 190 128 187 185 189 193 193 186 153 138 133 136 135 138 141 137 132 132 135 129 133 129 130 
113 119 134 142 144 147 147 151 143 142 137 137 140 134 133 134 131 127 124 177 129 130 135 136 143 150 141 163 189 202 202 201 200 208 211 212 213 209 205 205 207 202 206 206 208 207 205 203 205 207 203 202 202 203 201 198 170 86 121 206 201 200 198 199 198 201 202 199 198 199 198 200 201 200 200 192 153 133 131 138 139 137 137 132 127 132 136 135 131 2 
103 116 135 141 138 138 136 145 146 145 145 137 131 130 128 135 131 125 95 123 124 125 128 132 133 141 149 152 158 187 209 203 209 208 210 212 210 209 207 210 205 204 207 202 209 205 210 204 205 202 202 203 210 210 208 192 202 152 81 138 210 210 204 201 201 201 201 202 202 200 199 199 198 198 199 197 186 131 137 134 134 139 137 136 135 130 130 131 129 130 
101 118 4 136 135 134 141 139 149 138 137 137 133 129 132 134 133 132 128 123 122 130 131 129 2 125 129 145 154 163 198 209 203 207 209 209 211 209 209 211 205 208 202 209 207 209 208 209 209 210 208 212 211 211 210 210 210 202 148 85 170 207 202 204 202 203 205 201 203 200 197 197 198 201 200 198 194 181 144 138 137 137 137 134 131 131 127 128 132 131 
98 120 121 135 133 139 145 139 149 137 132 137 136 133 134 134 125 129 130 130 129 130 130 2 124 127 124 138 142 157 155 193 210 207 211 213 212 210 193 204 207 207 206 209 208 210 210 212 211 211 214 212 211 209 208 208 209 211 208 103 67 183 202 201 202 201 201 199 194 195 192 195 197 196 196 195 189 191 174 145 138 136 138 133 130 130 191 129 133 130 
107 116 132 145 135 137 138 141 141 142 141 145 137 128 132 134 133 133 131 130 128 128 255 128 127 132 121 126 130 139 152 155 213 209 208 213 210 207 205 209 211 210 210 210 210 213 214 214 209 208 210 210 211 212 212 211 209 207 204 170 87 125 203 197 197 198 196 200 197 195 197 195 195 193 196 194 195 194 189 177 137 132 136 134 132 133 131 124 121 129 
93 112 125 133 139 134 136 138 145 141 138 141 135 131 136 133 132 131 130 125 124 251 129 129 129 123 123 124 125 132 147 150 195 208 210 211 211 211 213 212 212 211 211 210 214 212 211 211 211 210 209 213 213 209 208 205 204 207 208 209 163 91 124 201 195 197 199 197 195 195 194 195 195 195 193 194 194 188 191 186 156 138 135 136 132 131 131 130 130 130 
87 105 122 133 135 134 140 134 146 128 133 135 138 136 131 130 129 129 129 125 253 132 130 129 118 123 124 122 131 131 135 153 157 202 212 216 214 215 213 212 213 212 211 214 212 212 211 210 209 208 209 209 207 210 207 205 204 204 210 211 204 149 88 154 196 199 199 200 199 195 193 195 197 199 197 195 195 193 188 187 188 156 137 130 129 125 130 133 130 129 
90 99 122 133 136 141 139 141 136 136 134 136 137 134 133 3 130 128 131 189 134 134 129 122 120 120 127 128 129 136 128 132 147 179 214 213 215 214 211 212 212 212 214 212 210 208 210 209 209 210 209 210 208 205 205 207 221 209 209 210 207 204 151 88 166 200 201 199 198 194 197 200 197 197 198 194 194 194 191 193 189 185 152 129 135 132 134 133 132 127 
86 105 129 139 133 133 127 132 146 137 145 135 133 129 134 131 137 133 0 128 122 132 129 128 132 133 122 125 124 250 133 138 134 153 187 217 212 216 213 214 212 210 209 210 215 213 211 210 209 209 205 208 210 211 209 210 209 208 208 208 209 207 206 191 73 103 197 200 200 199 198 199 195 197 197 198 196 196 191 189 186 191 189 174 135 130 128 129 129 133 
89 107 130 130 129 134 135 137 139 141 134 146 133 129 137 139 131 132 129 128 132 133 131 133 136 130 129 125 254 133 135 139 133 154 157 197 217 213 213 214 213 212 210 211 213 214 212 213 212 210 209 212 213 211 211 209 209 208 210 211 210 209 207 204 195 80 85 195 198 197 197 200 197 200 199 199 198 193 194 192 192 192 189 187 182 141 124 125 125 132 
92 107 125 132 135 133 136 138 139 134 137 132 133 135 135 133 131 132 131 129 132 133 133 136 127 129 137 136 129 133 133 129 137 145 156 165 223 215 217 213 213 211 212 214 214 214 212 214 211 211 211 212 211 214 210 209 210 209 211 211 210 210 207 204 205 200 104 86 192 198 198 199 201 201 200 200 197 195 193 192 194 195 191 185 185 181 155 131 130 125 
97 105 122 127 128 137 139 135 128 134 131 137 138 133 132 132 125 122 123 255 136 134 138 129 130 123 132 135 134 138 146 135 138 147 149 159 219 218 215 214 214 212 214 215 214 214 213 213 214 214 213 213 211 211 211 210 212 214 212 211 209 208 205 202 205 203 202 89 81 179 198 203 202 201 199 196 197 195 196 196 196 195 192 189 186 185 184 178 133 125 
103 123 128 131 130 134 130 130 136 136 139 134 133 134 124 132 132 130 0 131 129 132 129 136 132 135 130 129 129 133 135 154 140 148 150 155 221 217 218 217 216 213 213 213 213 215 215 217 214 212 213 212 213 215 213 213 210 212 212 213 212 211 209 202 204 202 205 193 83 95 205 200 201 198 201 200 200 198 195 195 195 193 193 191 188 187 181 180 176 144 
106 125 132 131 132 128 131 137 134 137 131 133 133 130 130 132 131 4 124 125 125 255 137 136 138 141 128 141 130 133 139 144 134 151 152 150 195 218 218 217 216 214 214 215 216 216 215 216 215 213 214 213 216 214 213 214 213 213 211 212 214 211 210 205 205 202 209 207 176 83 100 202 199 202 202 199 201 198 196 196 192 196 194 193 187 186 182 183 183 181 
118 129 131 124 130 130 137 137 137 136 131 131 132 133 129 131 133 131 130 130 130 133 136 136 133 133 132 127 133 161 137 132 130 149 146 153 192 219 221 220 215 217 213 217 216 215 213 215 214 215 213 215 215 215 213 215 212 213 215 215 213 210 210 205 205 209 208 210 205 150 79 136 206 202 201 199 198 197 195 195 196 194 193 129 189 186 187 186 184 182 
118 92 123 124 129 139 137 134 138 130 132 133 136 138 133 133 133 131 128 129 137 135 137 130 131 132 128 145 135 141 133 137 146 144 148 153 203 218 216 216 216 215 218 214 217 217 217 217 215 217 214 216 215 212 215 215 213 216 215 215 213 210 211 210 210 210 210 208 205 198 87 77 174 201 204 197 199 196 196 194 196 195 194 193 192 189 192 188 186 185 
117 131 133 132 128 131 133 130 133 134 133 128 134 127 132 134 134 134 133 132 136 128 132 135 131 134 132 130 131 131 141 139 145 146 147 154 218 216 219 218 217 215 214 217 216 217 217 217 217 216 214 216 217 217 217 216 214 213 213 214 215 213 210 210 207 208 208 209 208 207 168 73 87 205 201 201 200 199 196 196 195 193 194 194 193 191 186 186 182 183 
121 126 133 129 125 132 129 136 138 135 133 132 129 128 133 133 154 132 127 128 125 130 135 134 134 131 131 135 133 135 138 137 137 138 144 186 216 218 217 218 215 216 215 217 219 217 217 217 217 216 215 216 217 216 216 213 214 215 213 216 213 213 210 211 210 208 211 211 207 209 202 105 75 101 208 201 200 196 199 197 195 194 195 193 192 188 183 186 186 182 
124 132 1 127 128 126 134 132 133 136 132 129 128 130 133 131 135 125 128 127 129 133 136 134 141 137 132 135 138 136 135 137 130 138 151 218 218 218 220 217 217 216 217 218 218 219 218 216 216 215 219 218 218 216 215 216 214 213 216 213 215 214 210 211 210 212 209 210 209 208 205 197 75 80 139 201 203 198 197 197 197 197 194 194 191 187 189 187 185 184 
126 127 127 127 125 128 133 134 130 126 130 130 124 131 133 134 138 134 138 130 136 136 141 137 134 133 132 132 147 133 134 129 132 138 218 220 218 217 218 216 216 216 216 218 217 217 218 217 215 217 218 216 217 218 216 215 215 217 215 217 213 211 212 213 211 213 211 210 210 208 207 204 192 78 84 191 200 201 200 201 199 199 197 194 192 189 189 190 185 187 
124 123 127 123 255 131 135 136 134 129 131 128 133 134 135 133 141 130 131 131 137 137 135 129 133 130 133 132 138 135 126 127 133 201 221 219 220 218 217 216 215 215 218 217 218 217 217 216 217 217 219 217 217 217 215 217 219 217 217 216 214 213 213 212 212 212 210 213 209 208 208 208 205 113 81 75 209 198 201 200 201 198 194 193 191 192 189 189 186 186 
126 132 128 132 125 130 129 131 141 136 131 134 134 135 129 137 135 133 146 131 132 131 132 146 133 133 132 140 134 131 135 145 210 220 219 220 218 217 218 217 217 218 215 216 217 216 218 219 213 216 214 214 218 218 217 216 216 213 216 214 215 215 214 212 210 211 211 214 211 210 212 208 209 185 83 81 118 202 201 200 197 197 198 198 195 192 189 186 186 184 
128 130 132 81 128 129 133 133 137 137 133 132 133 131 138 144 134 145 122 122 135 130 137 135 146 139 136 138 153 138 141 219 220 217 217 217 217 218 219 218 217 215 218 216 216 216 217 210 214 215 214 218 217 215 216 217 216 215 213 216 215 214 213 211 214 213 214 212 213 211 208 208 207 202 121 76 82 170 198 198 197 200 198 199 197 191 191 186 184 187 
122 131 133 126 126 130 133 133 132 132 130 130 122 123 132 139 141 6 134 130 134 141 135 139 141 136 136 137 143 153 225 219 216 218 218 218 220 219 217 216 217 215 216 217 217 217 217 216 217 216 215 217 218 216 217 216 214 215 216 217 213 213 211 212 212 212 211 213 213 209 208 208 205 206 198 82 67 83 201 197 200 198 197 196 194 192 190 188 187 186 
124 131 130 128 133 130 130 125 128 129 127 137 136 132 133 139 138 133 133 135 138 138 141 135 134 134 135 138 150 221 218 217 217 217 213 218 222 219 217 215 215 216 216 219 215 217 214 214 214 214 215 218 216 214 217 216 214 215 213 215 214 212 213 211 210 213 211 210 211 210 207 208 210 209 206 93 74 72 131 192 199 200 196 196 194 193 191 193 188 187 
123 117 118 119 125 129 133 133 133 131 133 128 134 133 137 138 138 137 135 137 142 142 139 137 134 134 137 176 217 217 219 218 218 217 218 218 217 216 217 217 215 216 217 216 215 209 214 213 216 217 216 217 216 212 215 216 212 214 216 213 212 212 212 212 213 211 211 211 210 208 207 205 208 209 205 188 72 71 79 188 198 198 193 197 193 191 193 191 188 184 
116 119 125 124 127 123 127 126 131 136 135 136 130 128 135 136 135 135 138 139 135 135 132 136 144 169 217 213 213 212 217 218 214 219 218 217 218 216 218 216 219 215 216 215 215 217 217 217 208 214 214 215 217 215 215 216 212 213 214 213 214 213 213 211 209 210 210 210 209 210 208 205 205 208 201 193 77 75 72 127 196 194 197 196 194 192 190 187 184 184 
124 128 128 0 121 123 127 137 135 133 135 131 134 135 134 139 138 139 134 136 136 136 141 144 220 221 217 214 215 216 214 218 219 218 217 216 217 218 217 217 210 215 215 215 216 218 216 216 214 215 214 216 216 216 216 212 212 211 212 214 213 213 211 210 211 209 210 211 209 209 208 208 203 202 206 199 75 72 73 80 199 197 196 196 194 192 188 186 188 175 
127 123 124 121 121 125 130 134 135 137 130 131 132 137 137 140 144 137 135 137 136 141 146 216 219 218 217 216 216 216 214 218 217 220 216 217 217 217 217 210 216 217 215 216 217 216 216 213 214 213 213 217 214 214 213 214 212 213 212 214 212 213 211 209 209 210 211 210 210 209 205 202 206 208 203 199 79 69 72 73 179 196 196 197 192 191 188 185 185 173 
131 126 117 123 127 250 135 134 132 131 128 130 133 141 145 141 142 142 140 141 146 150 225 221 219 217 220 220 219 216 217 214 217 218 218 217 219 217 217 216 214 217 218 217 216 217 214 213 214 214 217 216 216 215 213 213 213 216 213 213 212 211 210 208 210 211 213 209 207 205 207 207 209 209 202 198 93 67 68 76 164 197 198 194 193 191 189 189 188 165 
133 122 121 122 125 128 131 137 131 130 133 138 137 139 141 140 135 137 138 146 154 221 221 224 223 220 216 222 216 217 216 214 217 218 218 220 217 217 216 214 215 218 217 215 216 215 215 214 214 218 217 216 208 213 213 215 212 214 214 212 209 212 210 211 210 210 210 209 209 207 204 208 207 210 208 200 107 69 64 74 127 199 195 195 192 191 191 191 185 191 
126 128 125 5 123 125 125 191 133 147 141 133 132 136 136 141 141 141 144 183 219 218 221 220 223 221 219 218 218 217 218 217 221 219 217 218 215 219 219 217 216 214 214 213 216 217 217 216 216 213 215 212 215 216 216 215 210 216 212 213 213 211 213 211 208 209 208 210 210 209 207 205 207 203 205 201 86 71 69 71 118 198 197 197 195 190 187 188 176 153 
119 130 125 119 128 128 144 135 135 136 147 133 136 135 139 145 148 156 200 215 219 223 221 219 223 220 219 219 218 218 218 217 214 216 218 217 219 218 217 217 214 214 215 218 217 214 216 214 214 214 214 216 217 217 208 214 214 214 213 213 211 212 210 209 208 208 212 209 210 208 207 205 205 208 205 202 92 67 70 68 87 198 194 194 189 189 189 186 176 138 
115 123 130 134 133 130 136 136 133 72 137 136 144 146 149 166 181 214 219 219 221 222 221 222 220 220 221 220 222 219 216 216 214 217 218 219 218 216 219 218 217 217 217 214 214 218 217 216 208 215 215 217 217 218 216 216 212 213 214 213 215 213 212 212 210 211 211 213 211 211 211 208 205 208 204 201 91 71 68 69 89 195 197 195 195 195 192 188 163 128 
107 125 127 116 124 129 127 142 142 150 144 142 145 162 213 217 221 217 218 220 220 220 225 226 226 223 225 224 223 223 220 217 218 217 218 218 218 218 219 219 217 218 218 217 218 219 216 217 214 214 217 217 215 216 217 213 213 212 214 216 215 216 208 213 210 211 211 211 211 210 209 209 202 205 208 202 79 67 68 68 78 198 197 196 197 191 191 183 165 117 
99 118 127 128 129 133 139 141 141 146 138 147 196 208 218 219 221 217 216 220 220 223 225 226 226 225 223 221 237 223 218 216 215 215 218 218 219 219 217 218 217 217 217 217 216 217 217 216 218 214 216 216 217 217 214 215 212 213 214 214 214 214 210 213 212 212 209 211 212 208 208 205 205 205 209 201 99 70 66 69 76 197 198 197 194 190 188 176 151 105 
97 118 125 133 132 138 138 140 141 137 175 207 212 217 219 218 217 219 217 214 221 223 226 223 221 221 219 221 223 223 223 214 215 213 216 218 218 218 217 215 217 214 218 217 216 217 217 215 214 213 217 217 218 211 213 214 214 216 213 214 213 210 210 212 212 212 211 211 210 207 207 207 207 208 205 203 93 67 69 72 74 196 194 193 195 188 188 177 139 93 
91 116 130 134 130 130 128 133 138 203 210 205 213 214 216 214 218 219 221 217 218 223 221 224 224 221 223 220 218 217 219 217 216 214 213 216 216 217 217 217 218 216 214 216 215 216 216 217 217 215 212 213 214 215 217 213 211 211 211 211 214 212 211 213 211 208 210 213 210 209 209 207 208 205 205 198 74 74 69 66 67 199 198 196 194 192 187 157 115 69 
89 115 127 135 135 134 133 141 210 205 213 205 203 213 214 217 217 217 218 218 217 217 224 223 223 222 219 218 218 218 218 216 215 213 212 214 214 215 216 217 214 215 214 214 217 218 215 214 213 214 217 212 216 214 216 212 212 211 211 211 215 210 212 210 211 210 211 211 210 210 208 204 205 205 206 197 73 74 66 64 69 189 197 196 193 188 183 150 100 77 
86 106 125 127 127 123 135 167 206 204 208 213 206 208 216 216 217 215 214 217 215 217 218 221 223 220 220 218 216 219 218 217 214 213 212 212 215 215 214 208 215 213 213 215 215 215 216 214 214 212 213 215 214 213 215 214 214 210 214 213 211 212 210 209 210 210 212 211 209 205 205 205 205 208 204 196 75 70 64 64 71 88 196 195 193 187 177 133 97 73 
83 104 116 127 123 249 141 205 202 202 207 211 211 208 211 217 217 214 213 215 216 218 218 217 217 220 219 220 218 216 214 213 213 210 210 212 210 215 213 213 213 214 213 215 214 214 213 214 212 214 213 216 214 215 212 211 212 213 211 211 211 209 211 210 209 210 211 210 207 207 205 207 210 205 205 197 77 66 65 127 66 80 202 191 192 185 174 136 87 73 
77 92 117 121 251 146 217 208 203 203 203 205 213 213 205 214 215 216 213 216 215 216 214 213 215 217 218 218 217 217 214 213 212 205 211 210 210 212 211 211 212 212 214 213 215 213 213 213 212 215 215 216 213 212 212 212 213 210 211 213 210 210 208 210 210 212 210 194 209 205 203 209 209 204 206 196 74 60 67 65 69 74 197 191 191 185 173 121 79 75 
73 96 120 127 169 206 208 208 206 203 210 205 211 213 211 202 216 214 210 213 212 211 213 212 210 216 214 213 212 212 214 215 214 213 210 210 205 210 212 212 214 211 210 210 212 214 213 213 211 213 211 214 214 213 213 208 210 209 211 212 210 212 210 210 208 207 208 208 209 210 205 205 206 201 205 194 67 65 66 59 65 72 199 194 189 184 152 97 64 71 
