129 137 153 137 133 138 134 147 146 139 132 129 131 118 125 136 134 118 111 105 105 107 115 118 123 128 131 136 139 146 153 167 184 191 189 191 191 194 191 170 159 197 194 193 193 195 197 194 193 178 141 141 157 156 162 175 197 199 195 196 197 195 196 186 157 164 157 163 150 145 142 130 120 96 86 85 89 91 97 92 84 70 67 61 58 53 50 52 54 62 
139 146 134 130 130 125 130 139 127 114 125 123 127 133 147 129 121 124 122 131 146 146 149 147 152 147 148 152 157 194 194 197 194 194 194 193 189 166 173 196 194 194 196 197 198 199 195 165 141 152 152 157 156 156 158 154 181 202 199 201 201 199 195 183 146 194 194 189 179 176 170 157 157 154 146 137 128 103 81 80 102 106 108 100 81 64 58 56 54 53 
136 125 116 131 129 116 118 123 132 135 130 133 138 148 146 142 148 144 145 146 147 153 152 146 148 152 177 196 198 196 199 197 195 196 195 176 138 205 201 197 195 198 198 200 201 198 162 153 153 153 151 157 154 151 150 153 150 146 175 200 200 201 200 199 196 167 190 188 183 182 178 165 128 135 121 143 131 128 129 119 117 110 80 112 106 113 97 85 67 62 
121 105 98 115 119 124 130 144 142 137 136 141 136 149 149 151 146 149 148 148 155 152 154 159 187 198 195 201 199 200 199 197 198 196 162 132 205 202 199 197 202 199 200 202 202 199 156 153 154 152 153 155 153 150 152 149 151 155 156 153 148 169 197 198 202 200 197 184 157 177 180 178 180 156 130 105 116 99 86 96 103 117 122 115 112 104 190 121 117 105 
127 130 123 130 131 133 138 138 147 147 149 148 139 147 146 153 152 153 156 152 147 153 186 201 203 202 201 200 201 199 202 201 201 159 121 204 199 202 203 201 202 201 200 202 202 201 158 155 157 151 149 150 154 155 155 151 150 149 150 143 146 146 149 145 163 191 196 197 194 192 178 157 175 181 176 158 131 94 89 86 87 87 85 93 105 2 120 104 112 119 
133 133 137 129 138 142 146 147 148 150 149 146 144 149 149 154 153 155 151 150 155 201 203 202 203 204 202 199 200 202 202 202 192 112 191 202 201 209 203 205 201 203 200 203 206 202 158 157 151 151 150 159 155 154 152 150 149 148 150 149 147 148 144 143 139 145 136 153 186 192 188 187 188 178 153 170 174 168 147 100 86 89 87 82 85 81 87 96 115 130 
162 171 179 178 170 147 150 152 151 152 146 148 148 146 150 147 153 148 152 162 205 203 206 205 202 201 202 206 204 204 203 202 163 110 203 203 203 205 205 205 209 203 203 209 209 206 200 156 153 148 149 155 157 154 150 149 148 147 150 151 148 148 138 138 143 146 139 115 125 129 133 173 186 186 186 184 176 149 155 165 168 146 102 91 86 86 81 80 87 90 
180 176 182 182 179 147 150 149 152 151 147 146 148 146 153 151 148 152 179 205 206 210 206 205 202 202 202 202 206 205 209 202 104 128 209 205 209 207 206 203 206 205 210 208 209 209 207 195 153 149 154 153 151 148 150 150 149 150 149 147 147 144 138 143 131 145 136 108 101 103 99 104 129 138 159 180 180 177 174 178 151 157 164 157 144 102 86 91 85 85 
181 187 188 184 134 144 146 149 154 152 153 151 146 147 149 154 157 196 203 202 203 205 205 208 206 210 209 209 205 203 221 202 113 157 205 205 205 206 210 209 208 208 208 209 208 210 209 209 182 156 153 153 153 154 151 152 147 147 145 148 152 148 146 146 138 138 122 114 114 108 107 99 98 97 101 123 129 155 167 174 170 166 178 141 149 159 155 135 96 95 
186 188 185 134 144 146 147 152 153 153 152 148 149 150 152 154 194 211 203 204 203 203 208 210 208 210 205 207 208 206 208 202 116 120 210 205 205 211 209 207 211 210 208 207 210 210 210 211 210 201 157 152 154 153 157 150 149 143 144 151 149 148 150 141 139 138 131 116 117 118 105 106 103 102 104 102 100 96 111 121 138 164 174 170 165 163 145 142 155 154 
186 174 0 143 143 145 146 152 154 152 146 146 146 150 144 180 207 192 207 207 205 209 210 208 210 208 205 208 208 210 210 206 113 104 211 207 209 210 211 208 210 209 209 212 210 212 211 211 211 208 208 178 163 155 155 153 151 149 152 150 147 149 145 143 140 141 147 140 121 107 105 102 106 106 103 101 66 98 93 95 99 109 124 135 152 162 165 163 166 139 
135 138 143 144 145 144 150 150 151 149 148 147 149 153 158 209 211 207 206 207 208 209 209 211 205 209 208 208 211 211 210 194 175 99 165 213 210 211 212 210 211 211 208 213 212 212 211 212 211 210 213 212 200 155 153 149 152 153 152 150 152 145 139 145 144 147 149 148 146 135 116 113 114 114 106 103 98 100 96 110 97 96 96 95 101 113 127 153 167 160 
136 137 138 139 141 147 147 146 146 147 145 149 150 152 198 204 202 202 208 205 209 208 211 206 208 208 210 210 210 210 194 209 200 100 104 210 210 212 210 212 211 211 211 212 211 211 212 211 212 211 214 214 214 210 179 152 152 155 152 152 148 145 144 147 145 148 146 131 142 143 147 149 144 121 107 100 101 99 96 98 99 99 94 93 91 91 96 113 122 2 
128 140 146 147 140 141 143 143 148 150 150 148 147 179 199 203 209 210 208 205 208 208 209 211 211 212 209 210 209 208 211 212 205 100 97 168 211 212 212 213 212 209 210 212 212 213 214 214 212 212 213 213 213 213 212 189 152 146 147 149 152 151 147 143 140 137 139 154 147 149 139 137 137 125 114 114 105 104 99 98 97 111 99 100 97 97 92 94 92 95 
121 132 147 141 139 141 143 149 147 146 139 146 147 205 203 205 205 206 206 209 210 209 210 212 211 209 210 210 211 209 212 212 210 189 96 102 209 211 212 212 212 212 211 211 214 213 214 214 214 214 214 214 213 213 213 212 210 165 152 152 154 151 147 148 141 139 146 150 150 148 149 141 136 147 109 114 107 102 102 101 96 101 100 101 99 96 94 96 97 94 
118 127 136 139 139 143 147 145 148 142 144 146 162 203 203 202 203 203 207 208 210 211 212 211 210 210 211 212 210 211 212 211 211 199 96 103 182 212 214 212 212 214 211 212 214 215 213 213 213 214 214 214 215 213 211 211 210 205 163 149 148 146 145 145 143 148 146 157 149 145 142 138 134 137 112 116 104 102 100 98 105 102 98 93 97 95 91 95 97 95 
105 127 136 146 144 137 136 141 148 148 149 148 179 203 201 200 204 209 210 209 210 210 210 212 212 211 212 211 211 210 209 213 214 209 97 94 162 212 214 213 213 215 211 213 212 215 216 215 216 212 215 212 212 217 217 213 213 213 188 152 150 148 149 146 139 139 141 153 155 153 148 138 135 123 105 116 109 113 104 101 101 97 104 100 100 102 96 95 95 100 
108 126 136 136 137 140 143 145 157 147 150 147 210 202 203 204 205 206 203 210 210 210 212 213 213 212 211 210 212 213 214 212 212 211 116 93 114 218 214 215 212 212 213 212 214 214 215 215 214 214 214 214 217 217 216 211 213 212 208 189 152 148 146 143 143 143 154 155 151 154 148 145 136 128 116 115 113 104 105 105 102 103 101 102 101 98 97 97 96 98 
103 138 67 131 136 144 147 149 147 146 145 149 211 207 206 204 206 203 204 207 209 210 213 212 212 211 211 213 214 212 213 214 213 213 176 93 102 192 215 214 213 215 213 215 214 214 214 215 215 215 216 216 214 213 213 213 212 213 214 213 169 144 144 144 144 146 148 157 154 151 150 141 133 131 118 123 106 103 102 102 105 107 104 106 98 97 100 99 99 97 
98 116 127 137 135 147 146 147 148 141 147 153 221 208 206 206 203 202 203 203 211 211 212 213 210 211 212 214 214 212 214 213 214 212 202 99 98 146 214 214 214 215 214 216 215 214 216 213 216 216 216 217 216 215 216 213 214 215 213 212 208 174 148 146 146 147 148 156 153 150 147 141 136 135 121 121 107 105 102 106 105 105 102 100 98 100 102 105 98 98 
96 114 130 145 136 137 138 141 147 146 146 193 207 204 205 205 204 205 206 203 210 210 212 213 211 214 212 212 211 212 213 216 213 215 206 102 90 110 218 214 215 214 214 214 212 216 217 218 214 214 217 215 217 215 214 213 214 213 213 210 213 200 153 145 144 140 145 157 159 154 144 143 136 127 124 129 113 114 102 103 104 102 105 105 104 99 98 98 96 97 
92 107 131 138 137 139 138 147 146 146 141 193 202 208 209 210 205 205 205 202 208 208 213 213 213 211 212 213 211 214 214 212 212 214 212 134 93 98 185 215 214 214 213 208 217 216 215 214 216 214 215 216 217 216 214 213 213 213 214 214 214 211 197 153 143 143 146 152 162 153 145 138 137 139 128 130 115 105 106 104 107 113 104 102 99 99 97 98 101 99 
85 107 122 136 138 138 145 146 144 143 145 206 207 205 206 209 206 203 202 201 195 210 212 214 211 211 212 213 214 213 213 210 211 213 215 209 99 98 130 215 213 214 214 216 215 215 215 216 217 216 217 216 218 217 215 214 214 215 216 215 214 210 211 182 148 146 147 151 144 153 150 144 145 141 132 135 121 104 106 110 105 110 105 102 102 98 99 103 101 99 
86 94 122 135 136 139 142 147 137 141 148 210 205 205 206 207 203 205 201 208 209 210 211 214 213 214 212 216 213 214 211 212 213 213 216 212 96 94 92 198 213 212 217 216 216 215 214 216 216 217 217 218 217 216 212 215 216 216 215 215 214 211 212 211 175 147 147 144 156 156 151 147 145 142 5 126 121 102 116 115 107 105 105 104 102 101 104 104 100 102 
87 102 125 141 137 141 144 147 146 147 155 205 203 204 205 208 206 209 203 203 205 209 213 213 214 213 213 215 214 212 215 215 215 213 215 214 122 95 96 183 208 215 214 214 216 217 217 217 215 215 215 217 218 216 216 216 214 214 214 215 214 214 213 210 205 165 149 147 164 155 150 146 141 133 127 125 118 117 103 105 105 113 107 108 107 103 98 97 98 100 
83 105 126 132 133 136 145 138 146 148 159 202 203 205 209 210 209 192 208 203 208 210 213 215 215 213 213 213 215 216 215 214 213 214 213 213 212 97 94 65 174 215 214 217 218 218 217 215 219 216 217 216 215 217 213 214 216 214 214 216 216 215 214 213 212 212 209 163 150 159 148 147 139 141 135 134 112 113 105 107 114 114 114 114 102 100 100 99 102 100 
90 109 124 133 133 145 146 141 147 143 188 202 205 210 210 211 209 208 205 208 210 210 212 215 213 214 214 214 214 215 215 213 216 215 215 216 216 201 65 87 93 200 216 217 219 219 217 217 217 216 218 218 217 217 214 217 214 217 216 218 215 214 214 213 213 214 212 211 205 164 154 148 146 146 137 132 123 111 111 115 115 108 114 104 106 104 99 104 103 103 
93 105 125 135 132 143 140 147 138 143 209 204 210 210 209 208 210 210 210 209 211 210 212 212 214 214 215 214 216 214 214 214 216 215 216 217 217 214 147 87 90 97 216 216 218 215 214 216 215 218 216 217 219 218 216 217 217 217 217 216 215 213 212 210 210 209 211 209 207 205 187 163 150 142 142 133 119 113 111 113 113 106 105 106 104 104 109 106 104 102 
95 118 133 135 134 134 135 136 142 171 205 202 205 203 208 210 212 213 208 208 209 209 211 214 217 215 214 215 213 223 215 216 216 215 216 215 217 217 205 93 93 90 120 218 217 219 216 216 214 214 215 214 218 218 216 212 214 218 216 218 216 216 214 212 213 210 210 210 210 210 205 202 149 135 137 130 120 117 111 113 111 106 115 113 113 106 107 102 101 103 
103 122 135 135 136 137 139 141 141 191 205 204 205 206 210 211 210 213 211 211 209 210 211 211 217 214 214 216 214 217 215 217 214 216 215 217 217 216 216 124 88 91 87 9 218 218 217 214 216 214 218 220 220 220 216 220 219 219 219 219 218 217 214 213 213 211 212 211 210 209 206 205 202 170 148 127 122 115 113 107 112 112 117 114 107 106 102 103 114 107 
109 127 131 131 133 136 141 136 139 163 205 203 207 211 209 211 213 212 212 214 208 212 210 211 210 214 213 216 218 216 217 208 213 214 214 216 217 216 217 210 126 84 86 95 219 217 216 217 218 217 219 220 219 219 218 218 220 221 219 218 219 216 214 213 213 213 214 212 209 208 209 205 209 202 196 126 123 116 116 112 117 118 114 107 111 106 105 109 106 109 
116 123 130 127 135 146 136 144 137 198 201 202 208 210 211 212 211 213 212 213 214 212 211 209 210 214 214 216 215 214 213 214 214 216 218 216 217 216 214 214 213 104 88 87 101 221 216 219 217 219 219 221 220 218 217 221 218 219 219 221 219 216 215 213 215 214 212 214 209 210 208 210 206 205 200 194 135 121 116 125 120 122 119 114 114 105 118 108 106 108 
117 130 134 135 132 131 134 132 139 213 206 207 208 211 211 213 213 215 214 214 213 211 210 208 211 213 214 214 214 214 215 215 215 217 214 217 216 217 216 216 218 206 91 83 84 115 225 217 218 218 218 218 221 221 219 221 220 219 219 223 219 218 217 215 216 213 214 213 211 209 209 203 202 202 203 199 201 175 145 118 119 114 116 118 119 112 115 110 111 108 
120 136 134 134 132 135 134 141 138 209 194 205 208 209 212 213 213 214 212 212 213 214 211 211 208 208 213 216 214 217 217 217 210 217 217 217 217 217 218 218 217 215 195 85 86 91 136 219 218 219 218 218 220 221 221 220 219 219 219 220 218 218 217 216 213 213 214 214 211 210 210 205 205 203 202 200 199 201 165 122 118 124 119 120 115 115 112 113 114 109 
125 134 132 132 132 137 135 139 146 192 203 205 205 211 210 210 212 212 210 211 209 210 214 210 211 211 216 217 218 218 219 218 216 217 217 218 217 218 218 215 217 217 217 181 87 86 81 175 217 217 220 220 220 223 220 219 220 219 220 220 219 219 216 216 214 214 214 214 211 207 209 209 206 204 202 202 198 196 199 175 124 122 123 121 113 105 103 101 107 106 
125 131 130 125 129 130 131 137 125 209 204 203 206 207 206 205 210 211 209 210 212 211 213 209 210 212 210 212 213 214 214 214 213 214 215 214 214 215 215 216 214 214 214 213 139 85 82 91 210 213 216 217 217 217 219 216 218 216 216 216 217 217 214 213 213 212 213 211 209 209 205 205 202 200 198 198 198 193 191 192 187 144 123 127 118 106 106 104 114 106 
127 130 0 127 125 127 133 133 130 203 197 202 203 205 208 208 210 211 210 212 211 215 213 211 209 208 208 214 214 215 215 216 215 213 215 214 216 216 216 215 213 214 214 216 213 105 85 78 83 210 214 217 217 218 217 219 218 217 218 217 217 208 213 215 212 211 212 210 209 208 205 203 202 202 199 199 198 195 196 191 192 189 188 128 118 117 107 106 108 107 
122 125 122 119 123 255 134 134 154 202 202 202 202 206 210 209 209 208 210 208 211 215 212 210 209 208 205 209 213 215 212 213 214 213 213 215 216 216 215 213 213 212 214 216 216 208 85 80 73 86 212 217 218 218 218 218 219 220 220 219 218 218 215 215 211 214 213 213 209 207 205 204 203 200 200 199 198 196 195 192 193 192 191 186 157 118 114 114 113 115 
125 122 126 120 121 132 130 133 192 199 199 198 205 205 210 206 205 205 209 208 211 212 214 208 208 205 209 210 213 214 212 213 213 213 209 215 216 214 214 214 214 215 217 217 217 208 201 79 74 81 86 216 218 217 217 218 218 218 218 219 217 218 214 213 215 213 212 212 206 207 208 194 210 205 201 198 199 196 196 196 194 192 190 187 188 180 157 125 116 116 
119 121 121 122 123 124 124 121 203 199 202 200 202 201 203 210 206 208 211 205 207 208 210 210 211 209 193 205 209 212 214 214 215 214 213 213 214 215 217 216 217 215 215 214 214 216 215 149 82 80 77 105 221 216 218 220 220 217 218 218 218 217 216 212 214 212 212 212 211 210 208 205 203 203 200 201 199 199 196 195 192 193 193 191 191 188 185 157 118 117 
121 123 122 114 118 121 114 144 197 198 197 198 199 200 200 205 203 205 192 202 205 205 210 209 211 210 206 205 208 208 213 214 213 212 213 213 215 216 216 214 209 211 214 214 216 217 217 212 95 74 77 80 125 221 218 218 218 218 218 219 219 219 219 218 214 214 213 214 213 209 207 205 203 205 205 202 198 196 198 196 193 194 193 194 191 184 184 182 176 142 
119 108 115 116 129 122 255 195 194 198 195 196 196 198 201 202 203 206 203 202 204 218 208 210 210 210 207 205 208 210 213 213 214 213 212 212 217 217 213 216 215 214 214 218 215 218 218 217 203 78 77 84 82 200 217 219 218 218 219 220 219 217 218 216 216 214 214 213 210 212 207 208 203 210 205 204 201 198 198 198 196 195 194 194 189 186 181 182 182 179 
117 119 117 115 119 121 133 201 194 197 191 196 196 200 198 203 203 201 202 203 203 210 211 211 209 209 206 208 210 209 213 217 214 215 216 219 217 214 216 216 213 214 216 217 216 216 208 216 213 137 83 81 83 85 210 218 219 219 220 219 220 219 219 216 216 216 216 213 212 210 210 205 210 206 209 203 201 199 198 197 198 198 194 195 188 188 186 185 181 178 
119 113 114 117 115 126 187 194 192 195 196 196 198 199 201 203 200 203 202 203 211 210 210 211 211 214 211 211 209 211 212 215 214 216 214 217 217 217 219 214 215 210 216 217 218 217 217 214 216 205 84 86 83 74 93 221 217 220 221 220 220 218 217 217 217 215 215 214 212 211 210 208 209 208 203 202 200 201 199 200 200 196 197 193 191 187 184 186 182 178 
114 120 122 123 127 137 189 189 196 198 197 198 198 198 197 199 204 206 205 203 208 208 210 212 213 213 214 210 209 210 211 218 216 217 215 214 216 214 216 218 218 214 216 215 216 218 217 217 217 213 166 73 66 77 84 205 217 217 217 219 221 220 219 219 215 216 212 214 214 213 212 210 204 205 205 209 206 202 196 198 197 197 197 194 193 192 185 184 180 170 
118 117 125 122 122 187 189 197 197 196 196 195 196 196 199 201 202 206 203 205 205 209 212 212 215 214 212 213 210 208 212 216 217 215 217 216 216 216 216 217 210 216 215 216 218 216 217 216 216 217 202 79 78 82 82 87 221 219 219 220 221 220 219 218 217 215 219 216 213 211 211 209 209 206 208 204 205 203 198 197 198 200 198 194 195 193 188 182 181 170 
117 124 121 120 128 191 189 194 194 196 196 195 196 198 201 200 202 203 204 204 207 209 213 212 214 212 214 214 212 211 213 215 214 214 215 216 217 218 218 218 214 215 215 217 217 218 219 217 216 217 215 144 82 82 74 80 187 217 218 220 221 221 219 219 215 210 216 215 213 212 211 209 209 210 209 206 205 200 201 199 200 200 198 197 193 190 188 183 181 164 
116 118 115 120 145 184 192 195 195 193 194 193 196 198 198 202 194 201 206 205 211 212 212 215 213 214 213 213 214 213 214 215 216 216 216 218 217 216 219 215 216 215 217 217 217 219 217 217 215 219 216 202 84 77 74 77 107 217 220 221 220 220 220 220 219 217 217 217 212 209 211 209 209 211 209 209 206 202 202 201 201 199 197 196 193 191 187 186 184 156 
113 115 117 119 154 185 190 194 192 193 193 195 198 200 202 201 203 203 207 221 211 212 214 212 213 212 213 217 216 213 212 213 217 214 216 218 217 218 217 216 216 217 216 217 217 216 216 216 218 218 217 211 85 73 74 74 86 210 220 221 218 219 220 218 219 218 216 214 213 214 210 212 211 210 210 205 205 203 200 203 203 199 197 196 195 191 191 193 177 147 
113 119 123 123 189 181 187 191 194 195 196 195 197 198 198 201 203 206 209 207 209 211 213 214 216 216 215 215 216 214 214 215 213 216 217 215 214 217 217 217 217 217 217 216 217 216 217 219 216 215 215 212 124 81 76 76 74 185 219 223 221 221 223 220 217 215 214 215 216 212 211 211 208 208 209 211 208 206 205 201 200 201 198 195 194 193 188 185 170 140 
113 118 118 135 184 186 186 194 196 197 194 194 197 198 201 201 206 210 204 205 208 215 215 214 215 213 215 215 216 217 213 215 213 215 215 216 218 216 217 218 216 214 216 215 218 218 218 217 217 215 217 217 187 81 81 75 73 118 225 222 223 220 221 221 218 218 216 216 214 214 211 211 209 210 208 209 209 203 203 202 201 201 199 197 194 191 187 179 177 131 
102 117 118 159 183 183 187 190 193 195 193 195 195 201 199 202 203 205 205 203 208 214 214 216 214 214 214 217 218 217 214 213 213 214 216 218 217 217 215 217 214 217 215 217 216 217 218 218 215 217 215 217 205 82 74 71 74 84 218 222 222 221 220 219 219 219 217 215 208 214 211 211 211 209 210 209 204 203 202 200 202 200 200 198 194 192 188 188 164 117 
102 105 117 191 180 187 186 189 129 192 195 196 198 201 201 203 201 203 203 209 211 214 214 213 214 215 217 217 218 218 217 213 213 211 217 216 218 217 216 216 216 217 217 218 217 219 217 215 216 216 216 217 211 99 77 72 73 85 186 220 219 221 221 224 221 220 219 217 215 211 212 212 212 211 211 203 203 202 202 203 203 202 193 193 194 189 191 185 150 103 
97 119 188 187 184 186 186 187 191 195 196 193 195 196 200 202 204 206 210 208 209 213 209 215 216 218 215 215 215 218 218 215 214 212 214 214 216 218 216 217 218 214 215 214 215 217 215 214 218 217 219 214 215 104 75 78 78 75 131 237 223 224 221 218 220 217 216 218 213 213 213 213 210 210 210 209 209 210 202 200 198 199 200 198 195 187 187 175 134 96 
91 117 190 185 187 185 185 188 191 193 193 194 197 197 203 202 206 206 207 210 211 211 214 218 217 216 216 218 217 217 218 216 214 213 212 214 216 217 218 217 213 214 213 214 215 216 215 214 216 214 215 216 216 166 82 75 74 74 89 222 225 223 222 220 217 218 220 217 217 215 211 212 211 212 211 210 210 202 203 203 201 200 200 198 193 191 186 163 131 85 
90 142 170 184 185 185 188 190 189 192 193 194 196 197 202 202 209 204 209 210 212 213 214 216 208 216 217 217 219 219 216 216 214 214 211 212 216 216 217 214 212 214 216 215 213 217 210 214 216 216 217 216 216 199 73 74 70 75 83 212 223 221 224 221 218 221 219 219 217 213 213 209 210 212 211 209 207 203 202 201 200 200 199 192 192 189 185 168 119 80 
88 76 167 182 187 189 190 190 187 188 192 195 196 200 202 205 204 205 208 210 213 213 214 215 216 215 216 217 218 219 219 217 214 214 212 213 216 214 213 215 213 215 218 217 218 213 214 215 217 216 218 216 217 211 82 77 77 78 82 122 224 223 224 221 223 221 220 218 214 216 214 214 213 211 210 208 205 206 202 205 203 200 198 196 192 192 184 156 102 78 
91 138 169 186 186 187 187 187 187 192 194 197 196 198 201 203 202 209 210 209 211 212 213 214 216 218 217 218 218 218 220 219 217 215 211 213 211 215 214 217 215 215 215 214 215 216 217 218 217 215 216 216 217 212 83 83 71 72 69 97 227 226 225 224 223 219 218 217 215 215 214 213 211 210 208 209 209 206 203 201 198 200 200 197 195 191 176 134 83 72 
89 131 165 172 182 187 188 189 189 191 194 195 197 200 200 203 206 209 207 208 212 213 216 214 218 217 217 219 217 219 218 218 217 213 213 211 210 214 215 215 214 215 214 215 215 216 216 217 216 214 215 217 215 214 136 79 73 74 74 85 217 225 225 225 222 219 219 217 218 214 213 211 209 208 210 209 210 206 203 203 200 202 200 197 196 187 168 121 83 73 
84 125 159 171 179 185 191 192 190 191 191 194 196 199 202 203 206 205 205 210 211 214 214 215 218 217 217 218 216 220 219 218 217 214 214 211 211 211 215 214 214 214 212 215 216 214 216 214 214 214 214 217 217 213 192 74 73 73 82 83 197 227 224 224 221 223 221 219 216 213 213 211 210 210 211 211 194 205 205 203 203 201 200 196 194 188 153 112 74 68 
