143 142 127 115 138 144 144 146 145 145 131 133 131 138 145 153 149 133 129 127 128 131 134 133 120 112 122 129 137 137 125 124 121 120 120 120 121 121 118 107 106 113 106 118 119 117 117 114 113 112 118 121 123 116 115 117 118 120 117 116 115 101 102 101 100 104 107 113 117 105 107 127 131 169 167 158 143 82 78 89 91 90 91 145 138 139 139 141 153 156 
89 85 134 146 146 147 136 131 126 130 138 137 189 125 123 123 114 102 114 117 127 126 131 135 128 132 135 141 138 125 122 122 122 123 255 123 121 124 118 115 113 114 115 120 121 118 117 120 119 124 129 126 122 120 117 121 119 122 118 119 104 112 105 102 106 110 105 109 101 105 105 163 149 133 131 131 143 139 104 98 91 86 82 121 117 119 190 136 133 149 
112 139 149 152 146 124 123 119 118 113 132 122 118 118 120 127 129 130 135 129 131 133 137 144 147 157 144 125 122 123 130 139 148 147 144 143 144 144 148 150 148 144 144 144 144 146 151 150 147 143 146 146 152 149 152 148 142 141 143 139 145 138 130 117 114 106 108 106 117 115 117 115 156 149 144 146 129 120 111 117 117 105 102 100 109 112 117 120 118 128 
146 150 141 138 127 112 104 109 116 120 125 125 125 125 128 146 145 139 136 132 135 137 147 147 146 148 145 148 146 148 147 150 151 145 150 148 145 151 150 152 129 141 145 146 152 152 147 153 149 149 150 154 153 153 153 150 151 148 148 154 153 149 149 149 149 151 153 149 151 152 148 144 139 142 150 149 144 115 114 119 114 116 116 119 122 98 101 106 114 119 
144 145 124 84 104 119 125 125 127 131 130 129 131 129 146 148 144 136 134 140 138 148 154 150 150 149 149 150 155 150 153 152 147 148 149 149 151 153 154 150 145 148 150 154 153 153 150 147 148 150 148 157 156 153 153 153 155 150 151 155 154 155 156 168 183 198 201 202 202 198 197 196 197 197 198 194 194 186 184 183 181 176 167 156 140 129 115 116 104 113 
139 138 123 117 139 128 131 134 133 136 128 137 135 146 145 153 140 138 143 145 152 153 153 152 148 150 151 144 154 152 154 150 149 149 149 153 153 152 155 150 146 148 153 152 153 153 146 148 149 149 154 154 154 152 153 154 156 155 157 175 193 200 202 208 208 211 209 204 201 202 197 202 202 198 200 197 194 193 190 128 191 187 186 181 180 174 170 166 151 130 
134 135 130 136 141 137 136 136 144 145 146 147 145 150 146 138 141 147 151 148 151 150 149 153 153 154 155 148 147 149 153 154 152 153 151 150 150 150 153 152 154 152 150 149 147 153 155 157 154 152 154 154 153 162 167 180 193 205 205 202 205 205 206 210 203 202 202 202 210 208 205 203 204 201 199 200 197 187 167 152 138 143 150 154 157 157 149 148 154 162 
129 133 135 144 143 139 139 135 147 146 148 145 147 141 139 145 150 149 154 149 147 149 151 152 151 153 150 148 148 147 154 152 153 151 150 151 150 156 153 155 152 151 149 150 153 156 156 158 160 154 152 160 188 210 211 211 206 206 208 207 211 209 211 193 205 209 205 210 206 209 210 203 203 195 170 133 151 188 194 195 193 192 195 194 192 185 185 179 177 177 
139 141 140 128 138 141 148 149 149 148 151 142 147 147 146 150 151 148 148 147 149 147 153 153 155 152 150 151 147 150 153 154 151 149 150 152 152 154 155 156 151 153 155 154 163 168 158 159 163 185 208 210 213 212 213 210 209 210 208 211 211 210 209 208 206 206 210 206 205 209 203 180 120 133 194 210 206 200 201 200 197 198 199 195 194 187 186 182 184 183 
136 142 143 141 136 145 148 147 144 150 149 148 149 144 150 153 149 147 147 150 145 151 149 151 154 153 149 150 152 154 157 152 150 152 152 156 154 162 158 159 153 155 154 156 136 160 174 204 211 210 211 214 213 213 209 211 210 209 213 212 210 211 208 209 208 209 208 209 209 197 132 117 194 206 205 206 202 202 203 203 206 201 200 198 195 194 188 186 186 184 
136 146 146 137 142 139 144 147 151 150 147 146 149 143 151 150 147 152 150 147 149 148 151 153 149 151 152 149 152 155 154 154 152 153 154 155 157 156 158 155 154 154 154 156 171 212 214 213 213 212 212 215 214 214 214 213 211 212 213 213 212 212 210 210 211 209 211 210 156 103 141 211 205 210 206 208 210 201 202 202 200 203 204 203 196 193 193 188 189 170 
139 146 138 138 138 138 147 148 149 147 144 145 139 151 153 152 149 148 148 150 154 153 150 153 148 150 153 153 156 156 154 152 149 153 153 163 157 156 159 152 156 153 175 214 216 217 214 214 213 213 216 214 218 216 213 213 213 212 214 214 213 212 212 211 211 211 210 139 105 144 211 206 210 208 211 207 205 203 201 202 201 202 202 200 197 201 195 195 151 138 
132 128 136 137 137 139 145 147 148 144 145 144 149 150 153 155 148 149 146 149 150 150 152 148 149 150 155 155 155 152 144 149 148 152 153 156 156 157 154 154 171 215 216 216 216 208 214 214 215 216 218 216 216 215 213 216 213 216 216 217 214 212 212 212 213 211 130 103 132 214 209 211 210 210 210 208 205 202 203 206 204 202 203 198 200 195 194 183 147 147 
123 131 138 141 137 139 140 142 145 147 142 144 150 146 150 151 153 153 153 150 149 147 159 154 150 154 152 149 148 153 154 156 157 158 153 155 161 159 179 216 217 214 216 215 215 218 218 217 216 215 216 214 217 218 217 217 214 212 214 218 216 217 217 211 206 110 99 144 214 212 211 209 211 209 211 210 208 211 203 203 201 200 202 201 201 196 175 134 135 141 
118 134 139 142 139 139 139 147 148 146 148 147 146 144 154 154 153 149 147 150 148 148 154 151 155 154 150 149 153 154 158 155 153 151 156 154 164 206 217 216 215 216 214 216 218 219 218 220 217 217 217 218 217 218 217 216 215 217 214 218 218 217 215 210 116 98 122 215 213 213 212 212 211 210 211 211 210 206 206 205 202 203 203 202 194 195 125 142 145 146 
118 131 135 134 139 137 148 146 149 137 143 146 148 147 154 152 153 150 149 147 147 154 150 155 152 153 150 148 156 154 155 156 154 154 157 146 195 215 216 213 216 216 215 216 219 219 219 218 218 216 219 218 218 218 214 219 216 218 216 216 218 215 212 195 100 101 176 216 215 212 210 211 211 213 213 212 210 205 205 203 207 209 204 202 198 187 139 145 142 147 
117 121 134 138 137 146 146 148 146 130 151 143 150 150 151 153 152 150 148 150 151 154 152 148 151 149 148 151 155 156 130 153 152 154 162 190 217 217 216 216 217 217 217 219 219 217 217 216 219 219 217 219 218 217 217 216 219 218 218 218 215 215 213 131 99 108 211 214 211 212 213 212 213 213 212 210 208 208 206 209 205 205 200 202 198 186 150 141 145 146 
108 125 136 139 139 144 146 137 147 147 150 145 147 145 150 157 154 157 152 147 148 145 151 153 152 150 148 148 151 153 158 156 155 154 190 216 214 217 219 217 218 215 216 216 218 219 218 218 218 218 218 216 220 218 219 218 217 216 214 219 213 217 202 98 94 160 215 216 216 214 212 212 212 211 214 213 212 211 208 208 205 203 206 204 202 182 149 142 139 145 
105 120 134 137 141 137 147 148 135 149 147 145 144 143 152 153 154 146 148 150 150 151 153 152 151 152 150 154 149 154 156 154 154 170 218 214 218 217 217 219 216 218 216 218 219 218 218 218 218 218 218 220 218 219 219 218 218 216 218 218 218 216 178 93 99 133 216 216 216 214 215 212 213 214 213 212 213 209 208 208 210 207 204 206 200 181 146 139 146 143 
104 120 124 139 136 138 142 147 151 146 142 144 146 149 151 155 159 151 148 150 153 156 152 149 149 151 148 151 153 154 154 150 158 210 214 216 218 219 210 216 217 218 219 219 219 218 219 217 218 218 219 219 220 220 216 218 218 216 218 219 219 213 105 96 114 220 217 216 211 212 213 212 215 214 212 212 210 209 208 211 207 210 206 202 201 175 144 145 147 146 
93 116 133 142 134 138 139 134 147 151 148 150 148 146 148 153 154 158 154 150 148 150 150 156 151 156 144 150 152 149 156 158 211 216 216 217 216 216 216 218 219 218 218 218 216 219 220 221 219 219 217 217 217 220 219 218 219 218 217 217 218 199 102 64 150 214 216 216 216 214 217 212 215 212 211 213 214 211 209 208 206 203 205 207 203 153 147 144 141 147 
94 114 128 134 134 136 136 132 146 148 152 146 146 147 147 153 152 153 150 150 150 147 153 151 153 152 148 152 152 156 156 192 217 215 214 216 216 219 219 220 214 217 218 218 219 219 219 219 219 218 219 219 219 220 218 218 217 218 218 220 215 147 96 98 189 214 218 213 214 213 214 213 212 212 215 212 213 209 210 208 206 209 210 206 202 149 146 143 147 146 
91 107 120 134 136 133 140 150 147 149 142 145 142 153 152 150 154 147 151 149 151 152 153 153 149 149 151 152 157 158 176 219 214 216 215 210 219 218 219 217 216 218 216 220 218 219 220 220 219 219 220 219 220 219 218 219 216 217 219 220 213 101 91 98 219 219 218 214 214 213 215 213 214 214 214 215 211 209 210 208 210 210 211 206 201 148 144 145 146 142 
90 99 121 136 138 142 137 146 147 146 143 145 149 150 147 153 149 149 148 150 153 149 151 150 149 150 149 155 157 184 213 214 216 215 217 219 218 218 216 216 216 218 219 220 219 217 220 219 218 219 220 220 219 217 217 219 218 219 219 219 209 98 96 114 224 219 217 217 215 215 214 217 215 216 215 213 212 210 210 211 212 210 193 203 202 155 150 152 141 148 
89 107 125 137 136 139 137 141 148 149 151 131 145 147 149 148 153 150 155 150 149 148 155 155 149 150 148 153 155 206 215 218 217 217 217 218 218 218 217 219 219 218 218 219 218 220 219 220 218 219 217 219 221 221 221 221 219 218 217 218 182 98 96 148 216 215 214 217 218 217 214 214 214 212 214 214 214 212 210 210 208 205 208 206 203 155 147 146 139 145 
85 109 127 133 137 127 137 150 146 143 146 147 144 148 150 153 153 151 149 153 152 153 152 152 151 148 150 164 218 217 217 216 217 216 217 216 216 219 219 219 219 220 218 220 222 220 221 218 218 218 219 220 220 221 222 220 219 219 219 216 100 99 92 209 218 217 218 218 217 218 216 214 213 216 216 215 215 213 211 210 206 211 211 209 202 171 144 144 149 142 
90 114 122 135 131 136 146 147 150 144 145 142 144 149 148 153 150 145 147 150 147 154 154 152 150 148 188 215 216 217 219 217 218 217 218 218 219 219 219 218 219 220 217 220 221 220 220 219 219 218 219 220 220 220 219 219 218 218 218 170 94 90 106 224 217 218 218 218 218 216 216 214 217 218 217 215 214 212 210 211 213 210 211 192 202 177 144 149 148 141 
93 105 124 129 136 138 147 147 149 139 141 142 131 149 149 148 148 145 144 116 153 155 153 150 149 189 216 218 218 217 218 217 216 218 216 219 217 219 217 218 217 219 221 219 221 221 218 219 219 221 219 220 220 219 220 220 219 219 213 95 87 88 185 219 221 219 219 219 218 218 217 216 218 218 217 214 214 213 212 214 214 212 210 206 203 194 153 147 144 141 
98 121 137 133 132 134 138 139 146 147 148 147 139 145 145 150 150 150 147 145 149 151 155 160 217 215 215 216 214 217 218 218 218 218 219 217 218 218 221 220 219 219 219 218 219 221 221 220 221 218 219 221 221 222 220 221 220 218 101 87 94 130 221 217 219 216 216 218 219 218 219 215 215 216 217 216 217 215 211 211 211 210 210 209 209 192 144 141 138 139 
105 124 129 134 138 136 138 146 146 147 147 142 147 144 135 148 147 149 140 142 147 156 166 217 217 217 216 217 216 219 217 218 219 217 218 217 218 221 220 220 218 218 219 219 223 221 220 222 219 220 222 222 222 222 221 221 219 180 88 89 93 213 219 217 218 217 219 220 217 219 217 216 216 208 217 216 217 213 212 212 213 213 212 209 210 203 143 139 136 133 
118 126 130 133 132 134 145 142 143 147 141 139 141 146 148 147 146 144 145 142 167 176 214 213 214 215 216 217 218 218 219 219 215 218 216 219 219 220 220 217 216 219 220 220 222 221 221 219 219 221 222 222 223 221 220 220 214 86 88 90 113 223 219 219 218 221 219 219 217 218 217 218 217 218 217 217 214 213 214 213 214 212 211 210 206 205 179 144 148 141 
115 124 134 129 134 141 145 138 135 138 136 142 144 146 148 150 146 141 142 147 178 213 211 213 211 215 216 216 218 219 217 217 217 218 218 220 220 220 220 219 218 219 220 220 221 222 220 221 220 220 222 223 221 222 219 220 205 86 87 89 140 222 218 219 219 220 219 220 218 218 219 217 218 218 218 209 216 212 212 215 214 213 211 207 205 203 198 150 147 145 
116 125 129 133 136 142 132 142 137 137 136 142 147 147 147 147 142 138 153 195 215 214 212 210 213 214 216 218 219 218 216 218 219 218 220 220 219 219 219 219 218 219 222 221 219 219 220 220 222 222 222 222 220 220 219 220 200 86 86 89 138 220 219 221 222 222 219 218 218 217 216 218 219 219 219 215 214 213 214 215 215 213 210 210 205 205 202 154 147 136 
127 133 135 135 134 134 136 130 138 141 138 132 132 138 144 146 152 167 211 212 215 214 214 216 213 214 216 217 218 218 218 218 219 216 217 219 217 221 221 220 223 219 220 219 219 220 222 221 222 219 220 220 221 225 222 218 97 83 81 88 217 222 222 221 219 218 218 221 219 220 217 217 217 217 219 218 218 223 214 214 213 213 211 211 211 207 202 151 144 145 
125 133 133 126 128 125 132 138 140 147 136 137 138 137 146 147 167 218 209 214 214 216 216 213 214 214 215 218 216 219 218 219 217 219 218 219 220 221 222 220 220 219 219 220 220 222 222 220 221 220 221 224 224 223 222 205 82 81 86 92 227 221 219 220 218 218 219 222 220 218 218 216 218 218 219 218 216 215 214 214 213 213 211 211 208 208 202 188 149 146 
130 133 130 132 135 134 139 138 144 142 136 138 139 147 165 212 214 212 213 214 215 217 217 214 214 214 214 216 219 220 220 219 218 220 218 218 222 222 222 219 220 221 219 222 220 223 192 220 220 222 223 224 220 224 220 105 80 80 85 142 223 221 220 220 219 220 220 219 220 217 218 218 219 219 218 218 216 214 214 213 216 214 212 210 206 205 205 203 149 142 
131 1 134 130 130 144 142 140 139 136 134 139 145 193 213 215 211 213 214 214 217 216 217 215 212 212 215 217 219 218 220 218 218 217 218 222 221 220 217 219 220 221 223 220 221 192 220 221 220 219 222 223 222 222 202 86 78 84 84 214 222 219 221 221 221 221 220 219 220 219 216 218 219 219 218 218 216 217 217 216 214 214 213 210 206 207 205 205 198 145 
127 130 134 130 131 138 135 142 134 135 137 155 216 213 213 213 211 212 212 216 217 217 218 214 212 214 214 216 219 220 219 218 218 219 220 222 222 219 219 221 219 220 222 220 221 221 219 221 221 225 223 225 220 219 106 81 84 83 90 224 220 221 222 220 222 221 219 219 219 218 218 220 219 218 219 217 218 214 218 215 215 213 212 208 209 206 209 204 195 145 
130 137 136 138 133 134 132 134 141 145 209 208 210 212 211 214 214 215 216 214 215 215 217 217 216 216 213 215 218 216 219 219 221 216 219 221 220 219 221 222 221 221 220 221 220 224 221 224 222 221 222 220 224 215 90 78 78 78 124 225 222 223 222 220 219 219 217 220 218 221 218 219 217 216 219 218 217 218 213 214 214 211 215 213 211 208 203 203 202 189 
129 132 134 134 135 135 131 139 148 214 211 209 211 210 212 215 214 213 213 214 212 214 216 217 219 214 212 214 216 219 220 220 220 219 218 220 219 220 220 219 219 220 220 221 222 222 222 223 222 221 222 223 221 178 82 78 74 80 216 221 222 222 220 220 218 219 221 220 220 220 219 218 218 218 220 218 218 215 214 214 213 214 213 211 210 210 207 203 204 198 
126 133 10 129 132 136 139 165 210 210 209 210 209 211 213 214 215 214 216 215 214 215 218 216 217 214 214 215 216 219 219 219 219 220 221 219 219 219 220 220 219 219 221 221 221 222 221 222 221 220 220 224 217 84 74 77 73 82 221 223 224 221 220 220 221 220 220 220 220 220 218 220 219 220 219 218 218 216 215 214 214 215 215 212 209 205 206 203 206 202 
130 129 126 137 131 136 184 209 210 209 210 208 211 212 212 212 214 212 213 213 215 216 218 219 215 218 214 208 215 216 217 221 218 218 219 220 221 221 221 219 219 218 221 224 221 221 221 221 221 222 222 221 197 78 72 75 73 97 222 222 222 220 220 220 219 219 222 220 216 218 218 218 221 220 218 220 216 216 216 218 216 214 214 211 208 207 205 207 205 200 
128 125 127 130 134 196 210 210 208 210 209 208 212 211 213 213 212 213 215 215 216 217 217 215 214 217 215 217 217 216 220 219 219 219 220 221 220 220 216 220 221 221 223 223 220 222 220 221 220 222 220 218 87 73 75 74 72 150 219 223 220 220 222 222 222 220 222 221 220 219 219 218 219 219 219 217 216 213 214 218 216 215 208 209 208 205 210 206 203 201 
123 137 133 177 207 203 209 207 211 209 210 211 210 212 213 214 215 215 215 214 215 216 215 218 217 218 217 215 215 216 219 221 220 219 218 219 220 219 222 222 221 220 221 220 222 224 223 224 223 220 222 191 75 78 81 76 79 224 220 221 222 223 223 223 218 221 220 222 221 222 221 218 217 218 218 218 217 218 213 214 211 211 214 213 212 210 205 203 200 198 
131 152 197 201 201 202 203 221 210 210 211 209 210 211 211 215 215 216 218 214 214 213 217 218 217 217 218 216 215 216 218 220 220 218 218 219 218 221 220 221 222 219 220 220 223 223 222 221 221 219 217 88 83 76 75 73 92 221 219 222 221 221 221 220 220 219 216 221 221 221 219 219 217 216 219 218 218 216 215 215 213 214 213 213 210 207 203 201 199 193 
131 190 199 197 196 203 208 211 210 210 209 209 209 210 212 214 215 215 213 214 213 216 218 216 217 216 215 218 213 217 217 219 217 218 219 219 220 221 219 219 219 220 220 222 221 222 221 220 220 220 209 85 76 75 76 71 125 220 222 221 222 221 219 220 219 216 220 221 219 216 219 217 218 219 219 216 219 216 214 213 214 214 213 212 209 203 205 202 200 187 
180 202 196 193 198 201 209 211 210 210 209 211 209 212 214 214 214 213 215 216 216 218 218 215 218 217 219 216 219 217 218 214 216 219 218 220 220 221 221 221 220 220 219 222 223 224 220 221 220 220 208 77 77 74 72 75 181 217 220 222 222 221 219 222 218 219 222 219 216 219 216 218 218 219 218 219 215 215 214 208 215 214 213 210 209 206 203 206 201 182 
207 198 195 197 198 202 206 208 209 209 209 209 211 214 213 214 211 212 211 214 216 216 214 215 216 216 214 219 217 216 217 214 218 218 220 220 219 220 219 218 220 220 220 220 220 222 219 221 220 220 171 78 74 70 70 74 212 222 222 224 219 219 221 220 222 220 221 220 218 217 219 219 218 218 219 217 218 216 215 216 215 214 208 209 208 205 207 204 200 174 
198 200 199 199 198 198 203 206 209 209 210 210 210 212 214 213 214 212 215 212 212 214 223 217 219 218 216 217 217 215 216 216 218 219 218 219 218 220 220 222 222 220 222 220 222 225 221 222 221 215 81 68 76 70 78 98 222 219 220 218 222 221 222 220 219 218 219 219 218 220 219 216 217 215 218 218 218 215 216 214 213 210 211 211 211 205 203 202 190 164 
186 200 199 196 198 198 200 209 205 211 210 209 211 210 212 213 214 213 212 213 214 213 217 217 217 215 214 217 217 217 216 217 216 218 219 219 217 221 221 221 217 220 218 219 219 220 221 220 220 202 70 78 73 72 75 91 221 219 221 222 222 220 219 218 219 218 220 219 219 219 218 216 217 217 218 217 220 214 214 212 213 214 213 211 210 207 203 200 192 152 
175 192 201 198 199 196 203 209 210 208 207 209 211 212 213 213 212 213 212 213 215 219 217 215 212 214 216 216 218 219 217 216 214 217 217 219 219 220 219 217 218 221 221 219 221 221 222 219 218 159 74 75 73 73 71 130 220 220 221 222 222 221 219 219 217 220 221 218 218 215 218 217 216 217 217 219 214 216 214 214 213 214 212 208 206 205 203 203 185 138 
164 128 196 200 198 201 202 206 209 205 206 208 211 211 212 211 209 212 212 214 213 216 217 210 214 216 217 218 216 218 217 215 213 215 218 219 220 219 218 220 216 221 220 221 222 221 218 218 215 129 73 73 73 70 70 184 217 221 221 222 221 220 219 220 220 219 219 212 217 216 215 218 220 218 217 215 216 215 215 213 215 212 210 210 207 209 202 201 180 125 
139 182 201 203 200 200 201 202 206 210 211 210 209 208 209 211 214 214 215 213 212 214 214 216 217 217 219 214 215 217 216 216 216 216 217 220 218 221 219 220 218 217 219 220 218 221 221 220 208 73 68 70 68 74 78 218 217 219 219 218 221 221 222 219 220 219 221 220 219 218 219 217 219 216 218 217 217 217 214 213 212 210 212 212 210 210 202 194 157 115 
122 171 200 202 200 199 200 203 206 209 210 210 209 209 211 211 213 213 210 213 211 214 217 217 217 208 214 216 217 219 219 214 216 214 214 216 218 219 221 218 216 219 220 219 220 219 221 219 200 73 70 67 71 72 84 218 217 219 219 221 221 221 216 219 219 220 219 219 219 217 216 217 218 215 218 218 218 213 213 212 212 213 211 210 209 208 205 187 141 100 
115 165 196 201 202 200 201 202 203 209 207 209 208 210 209 212 214 208 212 213 214 215 216 216 216 215 215 216 217 218 218 215 212 214 213 217 218 219 221 220 217 217 218 220 220 220 220 217 165 69 64 74 70 74 75 221 218 220 220 220 222 220 217 219 218 216 220 220 220 217 218 217 217 218 217 217 210 214 215 210 211 212 212 211 205 205 200 179 137 91 
104 157 185 199 202 202 202 202 201 202 205 210 209 211 211 212 212 211 212 212 214 215 216 216 214 214 214 215 218 218 217 216 213 214 213 215 219 219 219 219 218 219 221 220 220 221 218 214 88 68 73 68 72 70 86 222 218 221 221 221 222 219 218 218 218 219 220 219 216 220 216 216 217 219 218 218 214 213 213 217 213 213 212 210 205 203 198 178 124 82 
101 134 178 198 200 205 202 201 200 201 203 205 210 209 212 212 211 211 212 214 214 214 214 214 213 215 214 216 216 218 214 215 214 214 216 215 217 219 218 219 219 217 220 219 222 218 218 207 69 72 73 72 71 67 115 219 219 223 221 219 218 219 217 218 221 219 220 220 218 220 217 218 216 217 208 214 214 214 216 215 216 213 208 208 205 202 198 165 107 80 
98 145 184 197 199 203 200 200 203 202 206 207 208 209 210 212 211 211 214 212 214 212 216 215 215 217 214 215 215 214 216 217 218 212 213 214 213 219 221 219 219 217 219 217 219 219 219 194 71 67 69 65 71 77 202 219 217 219 219 219 218 220 219 219 217 218 218 218 218 219 217 217 215 216 218 216 217 208 214 212 213 212 212 211 210 201 187 139 86 76 
94 139 179 191 198 195 194 202 201 203 201 203 205 206 208 210 210 213 210 211 212 214 214 213 215 214 214 214 216 217 218 217 214 214 214 209 213 217 216 219 216 218 219 216 221 220 218 183 66 65 66 73 72 72 213 218 218 220 220 220 221 220 218 219 217 218 219 219 219 217 217 216 216 216 218 217 217 214 214 212 213 214 211 211 206 201 179 124 87 76 
89 136 163 183 194 199 204 202 203 201 203 202 203 211 211 210 212 211 208 211 211 214 213 213 213 213 214 216 215 214 216 215 214 215 215 213 214 214 217 215 218 218 217 218 220 218 213 102 67 68 70 68 73 76 206 217 219 218 220 220 219 218 218 219 218 217 221 218 219 217 217 217 219 217 214 216 213 214 214 212 214 213 211 194 203 200 163 120 78 73 
