149 152 147 144 145 142 145 141 133 116 99 72 70 64 65 66 65 58 57 59 64 72 83 82 81 76 81 81 84 88 88 88 84 84 91 88 95 91 89 85 88 91 90 95 96 96 98 90 92 93 109 95 98 96 91 88 88 90 94 100 105 105 97 102 103 107 116 114 118 107 114 106 97 100 92 89 80 77 82 87 91 90 93 92 92 101 103 121 120 123 
148 147 141 138 137 140 136 106 88 74 70 72 66 66 67 64 115 59 63 67 73 82 84 87 81 85 85 89 90 92 93 89 90 93 91 95 100 96 64 89 92 96 99 100 101 105 101 97 97 97 105 104 101 97 97 96 93 102 102 105 105 99 101 101 105 109 116 120 114 116 116 121 122 116 105 102 87 84 86 92 90 90 89 89 88 88 88 99 101 114 
139 145 145 138 129 99 81 80 80 82 73 74 68 63 60 63 82 76 80 73 75 79 83 86 92 95 95 90 92 93 99 99 105 104 99 97 100 100 103 105 104 101 102 101 104 113 109 114 114 104 103 105 104 107 106 105 94 106 105 107 115 113 113 114 106 106 113 114 125 128 129 123 118 118 112 105 102 101 97 99 99 91 94 90 91 86 89 91 90 90 
139 139 127 93 77 75 74 81 83 81 75 70 72 67 74 81 84 85 69 83 83 90 95 99 96 101 96 97 98 98 105 103 109 103 99 103 112 114 112 109 114 105 118 117 114 118 116 119 116 127 136 137 141 139 139 133 134 134 133 141 145 141 138 137 133 132 132 141 147 144 137 133 128 125 127 126 117 113 111 113 105 109 105 102 99 89 88 84 84 86 
127 95 85 80 78 77 77 82 81 77 70 70 71 75 82 88 91 93 89 93 94 98 101 102 98 95 93 89 90 97 96 96 90 90 87 89 92 91 93 88 90 92 92 98 115 141 145 147 150 146 145 151 147 148 147 141 141 141 148 144 145 146 141 137 136 138 147 149 149 150 149 148 147 146 149 144 142 129 125 124 180 116 117 112 106 102 101 97 95 90 
88 88 81 81 79 77 77 78 82 78 80 73 71 81 91 90 85 82 79 79 75 80 86 86 84 83 84 84 85 89 90 91 92 87 85 87 97 90 91 93 88 96 123 149 156 153 153 145 151 148 151 152 155 152 152 148 146 144 146 139 106 99 110 129 137 148 151 155 157 161 153 149 141 136 134 138 142 141 143 142 138 135 129 124 118 107 111 101 107 103 
85 89 81 80 78 77 84 82 85 82 71 81 84 77 86 83 83 79 77 79 77 86 92 84 93 85 86 86 93 92 92 94 91 90 90 93 99 97 95 91 134 151 154 158 157 158 158 155 156 154 162 159 152 156 151 153 136 78 92 161 156 158 156 154 152 155 163 162 165 163 157 157 165 162 159 156 152 150 148 141 138 146 147 144 136 128 122 120 117 113 
86 84 79 79 77 81 85 83 84 78 88 83 85 83 86 86 80 84 83 84 87 88 89 89 87 86 90 90 93 96 95 91 94 91 93 97 97 97 127 157 155 156 165 165 167 167 159 161 163 189 163 159 157 159 157 107 67 154 167 166 164 159 157 158 170 164 164 166 165 165 162 163 166 167 164 163 155 159 155 155 156 153 151 144 135 132 131 141 132 124 
81 86 80 83 83 80 83 85 98 92 91 93 88 84 84 88 88 88 87 84 83 87 86 91 92 95 64 89 89 93 98 98 100 99 97 98 107 170 171 176 176 160 167 169 173 177 179 176 176 165 165 165 160 169 138 67 130 165 165 165 167 167 168 162 168 162 166 170 176 176 177 170 166 165 164 157 147 150 159 165 169 163 162 154 153 151 142 135 132 136 
86 84 87 83 82 83 101 95 99 102 101 91 92 91 91 91 92 90 86 84 87 86 95 92 101 97 92 93 95 111 107 101 99 94 101 100 169 163 168 164 167 166 166 164 165 164 167 170 168 166 167 174 176 177 126 65 144 177 177 178 176 177 177 169 170 168 162 177 178 176 174 169 153 135 131 129 125 117 122 122 125 134 152 154 156 156 155 149 148 146 
84 89 85 79 91 111 110 101 102 98 97 98 97 92 95 91 95 92 89 86 86 95 94 98 100 94 102 92 98 100 105 102 101 99 105 166 170 167 166 167 166 166 166 170 169 169 171 169 170 170 165 176 176 170 188 63 107 168 176 174 178 178 178 178 177 178 182 184 181 178 176 175 131 129 129 124 0 121 118 122 120 122 122 122 118 123 137 138 153 158 
87 83 87 98 91 91 107 106 103 106 99 100 97 96 99 99 93 90 91 87 90 99 96 95 93 98 99 104 109 105 106 100 98 102 152 169 171 169 176 170 167 169 170 178 174 177 170 170 169 173 177 175 177 176 153 64 97 190 175 176 177 174 181 174 173 178 179 182 183 183 184 186 163 131 126 0 125 119 123 119 124 127 122 121 118 121 122 119 122 127 
85 100 102 97 111 97 101 103 111 100 98 98 106 98 97 99 93 92 93 88 97 97 98 94 94 97 97 104 101 101 103 103 105 139 170 170 175 177 173 169 170 175 177 170 174 160 175 176 177 178 179 180 177 174 148 63 88 181 177 181 175 174 175 175 180 179 177 181 180 181 179 181 181 143 130 125 122 124 249 127 123 125 122 119 121 120 124 128 120 121 
91 104 117 103 97 95 99 97 105 103 100 113 111 91 93 101 100 97 100 95 92 91 127 99 100 101 98 99 98 100 107 105 161 170 173 170 174 174 179 179 176 175 176 176 175 180 180 182 177 177 177 178 179 179 92 66 87 178 180 177 180 183 180 178 178 179 179 186 184 184 177 181 183 169 135 133 133 128 123 121 122 249 126 125 125 127 119 119 119 121 
87 92 91 103 95 98 99 104 102 106 121 117 115 94 98 104 102 103 97 98 92 97 99 106 104 103 99 100 102 108 109 147 175 175 178 175 176 180 178 179 178 180 178 176 181 184 184 185 182 180 179 183 182 179 80 60 81 182 177 183 184 184 182 179 179 182 185 185 186 187 184 184 183 186 168 135 131 125 132 127 131 132 135 141 155 145 136 129 129 123 
85 94 89 99 96 99 105 108 103 118 116 117 114 100 99 102 102 96 97 95 95 99 105 102 103 101 101 104 106 105 117 182 173 175 177 176 179 178 180 179 178 180 179 181 181 182 176 183 182 182 183 182 183 182 119 61 71 186 185 184 183 181 182 182 181 183 183 187 187 187 186 183 187 186 183 134 130 131 131 138 152 157 176 161 175 174 169 169 154 148 
84 84 90 93 99 107 107 104 125 114 118 104 98 90 104 104 99 100 97 95 100 102 105 100 97 104 102 113 113 114 3 183 175 178 183 180 181 182 179 179 179 179 184 182 182 182 183 184 182 186 183 185 184 180 106 60 70 188 187 185 184 184 182 183 186 186 186 187 185 187 187 189 188 188 188 158 129 130 143 178 183 185 180 181 179 176 180 178 175 177 
86 92 102 112 106 98 106 112 123 121 118 91 97 97 98 106 104 102 106 99 98 98 107 107 103 103 103 104 107 119 178 182 181 176 180 183 181 184 183 186 184 183 181 181 186 186 186 189 184 187 184 179 184 181 69 66 69 188 184 188 186 189 187 185 183 185 186 189 190 189 185 186 186 184 190 182 139 168 181 184 185 186 185 184 184 181 179 176 175 176 
83 96 98 99 102 104 111 117 125 123 123 122 106 97 101 102 104 107 97 100 98 102 103 113 102 102 105 105 105 125 191 182 180 181 181 181 184 186 186 185 181 184 182 178 186 184 187 187 186 184 182 186 186 182 66 60 70 187 190 188 187 188 185 184 185 185 188 188 191 187 189 189 185 192 188 190 187 185 188 187 184 186 187 183 181 182 180 176 178 176 
81 91 91 100 100 101 119 123 121 123 122 124 114 109 100 105 105 98 101 98 113 104 106 108 102 101 106 103 114 175 183 183 181 180 184 183 186 185 184 185 184 185 184 187 188 187 186 184 187 186 185 186 187 184 71 61 71 196 191 191 189 186 186 187 184 189 189 190 187 188 187 188 191 192 189 188 188 189 186 190 186 186 186 182 182 181 179 182 182 178 
79 89 98 106 100 111 120 123 123 121 127 127 119 103 97 111 102 105 113 99 101 99 101 106 106 113 114 105 122 188 183 184 184 186 183 186 183 183 186 185 187 187 186 185 187 188 191 194 188 186 185 186 184 185 64 65 68 193 188 187 191 188 188 191 187 187 188 191 191 191 194 192 189 191 186 195 194 195 187 187 187 187 186 189 183 185 181 179 179 175 
83 90 98 103 105 120 118 145 129 127 122 122 119 98 96 103 107 109 105 98 101 99 103 109 114 115 106 104 135 190 187 186 185 184 184 184 186 186 188 187 184 185 185 185 188 190 189 190 187 189 187 186 190 183 66 58 67 196 189 190 191 189 129 188 185 189 189 191 193 193 190 189 187 188 192 199 197 179 188 186 188 190 187 185 184 182 182 180 182 182 
74 89 96 105 118 118 119 123 127 122 120 122 122 104 101 106 106 106 102 100 100 102 103 110 117 105 104 115 176 186 187 188 183 185 185 184 188 189 188 184 187 187 187 188 189 188 191 191 192 187 188 188 189 185 61 60 67 190 193 195 191 191 189 187 189 193 191 191 192 193 192 192 193 194 185 210 202 195 191 192 192 193 190 186 181 183 182 184 184 181 
75 80 96 105 119 122 124 127 125 120 123 121 116 99 101 102 100 101 103 101 106 107 109 113 102 101 104 122 195 186 187 185 186 187 188 191 190 191 187 187 188 187 191 191 189 189 192 189 189 189 191 194 188 186 62 61 64 197 193 194 129 189 189 191 195 193 193 196 192 194 194 192 195 195 189 173 196 201 197 195 192 193 190 183 187 184 186 184 182 183 
72 86 100 114 120 119 122 120 123 128 128 2 116 100 102 101 106 104 108 102 102 104 105 106 110 115 115 182 186 186 187 189 189 188 189 187 188 189 191 191 191 189 189 191 189 195 192 194 192 189 193 189 192 185 68 65 67 197 192 194 193 193 194 191 195 190 195 197 195 195 131 193 191 193 194 197 170 193 201 196 191 189 192 191 190 184 182 181 180 183 
82 95 113 117 118 121 121 120 129 127 125 123 123 102 105 103 105 106 102 110 103 104 113 114 115 113 155 186 187 187 191 190 190 188 188 191 187 192 193 193 191 188 188 189 194 194 196 194 191 191 189 194 189 182 69 61 67 196 193 195 195 196 193 192 193 194 196 196 197 197 194 194 194 192 197 199 200 202 198 124 154 183 192 191 189 187 184 182 186 183 
83 98 118 119 119 124 122 123 130 1 122 121 123 100 103 104 106 101 103 104 105 115 117 119 115 125 191 187 191 191 192 192 188 191 189 189 194 191 195 129 193 191 191 195 194 197 195 193 194 194 190 195 193 184 63 63 61 201 196 196 195 196 194 197 193 196 197 197 197 196 197 196 196 198 197 197 196 195 195 194 104 81 99 163 176 184 187 186 187 185 
88 103 113 114 117 124 127 128 128 121 123 124 123 105 106 114 103 101 102 101 114 116 115 118 136 196 191 191 192 193 193 187 192 191 192 195 195 195 197 195 192 195 196 195 196 196 194 195 195 192 196 197 195 183 60 60 63 196 198 198 196 194 198 196 196 198 198 198 197 196 197 198 200 199 198 196 195 194 192 196 193 123 105 84 73 99 163 178 188 187 
86 107 122 123 127 124 121 124 127 127 128 131 119 104 103 104 116 113 116 103 102 114 116 128 196 192 192 189 191 192 165 195 195 193 195 194 195 193 197 196 196 198 194 195 196 198 199 198 199 198 196 194 193 178 65 66 60 198 197 196 200 200 198 197 197 197 198 200 201 202 199 196 196 196 197 200 199 199 194 194 192 173 132 127 116 98 77 78 127 164 
96 100 124 0 121 121 123 189 131 129 130 123 122 104 104 114 115 119 112 105 106 114 127 189 192 193 189 191 189 192 196 195 197 195 194 196 194 194 198 197 197 195 195 196 196 200 204 201 197 196 197 199 199 169 63 57 62 202 196 201 198 200 198 197 198 199 202 201 201 202 197 198 198 198 201 200 198 199 197 196 194 195 155 146 137 127 117 107 86 75 
100 115 124 125 123 122 251 129 129 131 88 124 124 107 114 116 112 110 106 112 114 118 177 186 192 194 192 196 195 195 197 197 195 195 195 195 201 200 199 198 197 196 196 198 199 198 199 196 198 198 200 201 199 175 64 59 59 203 199 202 200 202 198 199 199 202 203 203 202 201 200 201 198 200 201 200 200 197 197 196 196 196 194 141 129 132 135 129 120 105 
102 122 121 120 123 124 126 127 129 129 123 125 122 121 114 118 114 112 105 115 116 145 190 191 188 192 194 193 196 199 196 197 195 198 195 198 199 199 199 199 196 198 196 200 201 202 200 199 198 201 202 202 199 168 58 59 60 131 201 201 202 201 198 201 200 202 202 203 202 201 202 201 203 202 203 200 199 198 197 197 199 198 196 192 135 131 130 130 132 122 
114 116 124 118 118 125 130 129 2 124 122 123 127 126 115 118 112 111 111 115 123 194 191 128 189 191 196 195 196 199 197 198 195 196 196 202 201 199 196 198 197 199 200 202 201 202 201 202 199 202 201 203 202 186 61 59 58 133 202 203 201 201 199 203 205 205 203 203 200 202 202 201 202 202 203 199 201 198 198 200 199 201 194 196 184 132 134 129 130 115 
99 120 124 124 122 123 121 122 131 131 127 131 131 125 114 115 117 117 124 130 195 194 188 193 194 194 198 194 196 197 199 199 199 201 198 198 200 202 201 200 200 200 200 200 202 202 203 203 201 198 201 199 202 158 63 63 61 142 202 203 202 204 206 203 202 203 201 206 203 205 205 201 201 202 200 203 202 201 198 200 198 198 199 197 196 165 131 128 125 119 
117 125 127 120 123 122 122 131 134 131 5 130 125 125 113 120 122 114 113 194 192 195 194 195 193 195 196 198 198 199 199 200 201 200 199 200 201 203 202 201 202 202 200 201 204 205 209 205 202 201 201 201 203 169 61 59 60 123 200 205 205 205 200 201 205 203 210 206 210 206 202 203 204 200 206 205 205 202 200 202 200 201 200 198 198 194 142 131 132 116 
121 124 122 119 129 119 133 130 134 133 126 128 126 124 118 118 120 117 195 194 195 197 197 195 194 194 195 198 196 201 199 199 199 202 199 201 204 204 203 204 201 200 203 206 204 210 206 202 201 201 205 206 205 166 59 59 58 102 208 210 210 205 205 204 202 202 209 209 210 205 204 204 205 206 206 209 205 202 200 200 202 202 200 199 195 195 193 143 133 131 
121 122 120 121 124 124 127 127 133 134 132 129 130 134 118 122 126 201 195 197 195 199 198 196 196 195 195 199 203 204 203 202 201 202 203 210 209 203 202 201 202 202 204 207 206 211 192 202 202 201 210 205 204 169 58 59 57 80 212 206 210 203 205 205 204 209 205 208 212 205 203 205 206 209 205 205 205 203 204 199 203 202 201 198 196 198 196 195 151 132 
122 117 118 122 120 125 126 127 131 127 128 127 133 131 123 143 201 195 198 198 200 201 199 198 198 196 195 196 202 203 202 201 203 202 203 204 204 210 203 202 203 203 206 206 209 205 203 203 210 203 210 209 210 192 59 60 56 67 213 211 208 205 205 207 206 208 210 211 205 207 208 207 209 207 209 192 203 205 205 204 206 202 202 198 199 197 196 198 195 153 
118 119 121 122 120 128 124 138 127 131 126 128 132 131 136 206 196 198 196 198 199 201 202 201 200 197 199 198 204 205 202 202 201 202 206 206 205 205 201 202 202 207 210 208 210 204 203 202 203 206 209 207 205 187 60 56 62 65 201 210 207 206 207 208 208 210 210 194 207 209 208 208 207 209 212 203 203 204 205 209 208 202 199 202 198 198 200 197 197 195 
118 122 127 123 118 123 122 251 128 131 130 76 126 149 197 201 198 199 201 199 198 199 202 202 202 201 197 199 203 201 206 206 206 203 202 203 201 206 205 206 209 205 205 205 204 209 210 211 204 205 207 205 209 158 61 62 58 61 208 208 210 209 208 207 207 209 209 210 210 210 210 209 208 207 209 210 210 209 206 203 203 201 203 205 202 199 198 196 194 195 
121 124 125 116 124 120 128 129 131 128 0 120 162 198 198 201 202 201 198 198 200 200 202 203 203 205 200 200 200 203 206 209 209 203 206 205 202 206 209 210 209 205 207 206 208 210 205 210 207 205 208 208 203 151 61 58 56 60 209 211 211 210 208 207 210 210 212 210 211 210 208 208 207 208 211 212 209 209 205 204 203 206 205 203 203 202 198 197 197 195 
123 122 0 123 117 120 120 127 127 129 136 168 196 199 201 201 201 194 196 200 202 203 204 203 204 202 199 201 199 203 209 204 203 205 203 201 208 210 205 210 203 207 209 205 209 210 207 207 207 208 207 210 209 132 63 59 57 58 194 210 211 210 210 210 210 210 212 211 211 211 208 211 208 212 211 211 209 205 207 203 195 208 210 203 201 201 197 195 200 195 
121 120 119 117 117 121 125 127 129 126 150 200 198 200 201 201 203 198 197 198 200 202 205 205 200 201 203 200 202 203 205 209 204 205 205 206 209 209 208 207 207 207 207 208 209 210 208 208 207 208 210 211 209 95 56 58 58 58 147 210 211 210 209 210 210 210 212 211 211 210 209 209 210 210 211 208 207 208 207 207 209 204 205 206 200 200 199 200 198 194 
119 117 118 118 119 123 124 129 130 171 196 198 197 201 202 201 199 201 198 200 203 202 205 206 202 204 203 201 202 203 203 207 205 204 204 210 208 210 205 207 209 209 211 210 210 210 209 207 208 209 211 211 209 145 56 57 57 64 121 210 211 211 210 209 209 213 213 211 208 210 209 209 211 210 210 211 205 208 207 209 210 209 206 202 203 199 203 199 196 191 
118 115 116 116 112 123 122 124 161 197 199 195 202 203 201 202 200 201 199 202 203 205 205 201 203 202 202 202 203 203 203 206 203 205 208 209 210 209 207 206 210 208 209 209 210 207 207 209 209 210 211 210 205 113 57 58 58 60 146 210 210 211 207 210 213 212 212 211 209 211 209 212 211 211 212 209 208 209 208 208 210 210 203 205 204 203 200 198 197 184 
118 115 110 114 122 117 121 147 202 201 200 199 197 200 199 203 203 201 202 202 202 201 205 203 202 204 203 203 200 201 203 206 209 193 204 202 207 210 208 211 211 209 208 209 207 212 210 212 208 209 210 209 208 63 58 64 58 55 191 210 213 211 211 210 210 208 209 212 208 213 208 209 209 209 211 211 210 209 207 205 205 202 205 209 206 200 196 197 195 180 
121 122 121 114 119 118 123 205 200 201 198 202 197 202 201 200 202 203 201 201 201 201 206 202 206 202 204 202 202 205 206 203 208 203 205 208 209 209 210 209 210 205 209 209 211 209 209 209 210 209 208 211 204 70 63 57 59 60 128 211 212 213 209 210 209 209 211 210 212 211 210 210 209 210 210 210 211 208 207 205 205 210 204 209 201 200 198 196 195 175 
120 122 113 118 118 122 177 200 199 198 193 196 201 201 197 200 205 199 200 200 201 203 205 205 201 203 201 205 206 206 206 205 205 204 205 205 207 210 209 209 207 208 207 208 209 211 207 210 206 209 209 211 200 66 56 59 57 56 175 211 211 212 211 211 209 213 212 214 213 210 211 210 210 211 212 211 211 207 209 207 210 209 210 206 201 201 199 199 193 169 
121 113 118 118 123 134 200 200 200 197 197 197 200 201 203 199 200 199 200 200 205 204 203 205 205 205 206 209 208 206 202 202 205 205 208 211 210 208 208 204 208 209 212 212 211 208 208 208 208 209 211 210 202 56 59 59 59 61 155 211 211 209 212 210 209 212 213 212 210 211 210 209 211 210 211 208 208 209 207 210 210 206 200 205 201 201 202 198 189 155 
113 119 119 127 129 196 194 197 200 200 201 201 198 199 201 202 202 203 202 200 201 201 202 205 205 209 193 203 205 204 205 205 203 206 205 205 206 210 210 209 211 209 208 207 205 208 200 210 209 208 209 209 240 64 59 58 56 57 191 210 212 213 212 212 210 212 211 212 212 213 215 210 209 209 208 211 210 210 207 207 207 203 189 205 202 202 198 195 181 145 
112 123 122 124 174 188 192 197 202 201 202 202 199 199 200 202 201 202 199 200 201 202 202 203 206 203 205 205 207 209 203 205 205 202 207 208 208 209 210 210 211 209 208 208 209 210 209 210 208 208 205 208 184 60 58 57 56 57 191 211 213 213 214 210 209 210 213 210 213 214 208 210 208 209 212 211 209 208 208 206 207 205 205 205 206 202 198 195 175 134 
102 117 112 133 191 190 133 198 199 202 199 198 199 199 203 200 201 202 199 202 200 203 205 205 203 201 203 204 202 209 209 205 202 202 207 207 209 208 208 212 206 207 205 221 209 210 208 204 205 209 209 210 170 60 54 57 56 58 179 210 212 213 210 211 208 212 211 213 212 211 209 211 210 210 212 211 209 208 208 205 210 210 205 206 199 200 197 193 173 118 
93 117 122 195 189 191 193 196 199 197 198 198 198 200 203 201 194 199 200 201 202 205 203 205 201 201 203 202 209 210 206 201 201 201 205 210 208 210 211 208 208 205 207 210 207 209 207 207 208 210 209 209 151 61 54 58 57 60 169 212 213 212 211 211 211 212 211 212 210 210 210 210 209 211 211 211 210 207 205 209 210 209 206 202 202 198 197 193 161 102 
90 109 148 194 189 195 191 196 195 199 197 198 203 201 201 201 199 199 198 200 203 203 203 199 202 202 202 206 206 209 208 200 201 203 206 209 210 212 205 209 207 205 207 209 210 208 206 208 207 210 207 209 133 57 55 57 52 60 172 212 210 209 210 210 212 212 213 211 209 211 210 213 211 211 211 210 208 207 208 210 210 209 202 202 204 198 199 186 144 93 
88 120 195 197 192 192 192 195 194 200 199 199 200 198 201 201 201 201 202 200 201 202 204 203 204 205 202 205 203 202 208 206 200 206 203 203 207 209 210 210 210 207 207 208 208 207 210 208 205 210 209 202 98 62 60 59 55 57 191 210 214 213 213 211 210 209 211 213 213 212 210 210 213 209 210 211 210 209 207 204 205 205 206 204 203 198 197 171 122 84 
85 148 184 192 195 195 192 194 193 195 193 199 198 198 201 202 202 202 200 201 202 202 205 203 206 203 202 205 203 206 209 215 196 202 202 206 221 209 209 210 205 208 207 205 207 208 210 194 206 205 208 204 71 61 57 56 53 57 130 210 213 212 209 209 210 210 213 213 212 212 210 210 208 211 211 211 208 207 207 207 203 206 206 210 202 197 192 162 119 75 
91 138 170 185 194 194 196 195 194 194 195 198 198 199 201 200 199 200 201 202 202 203 202 202 192 202 202 203 210 210 209 209 202 205 202 201 210 210 207 208 207 207 205 210 207 211 208 207 208 209 210 205 59 59 54 56 55 56 180 210 212 209 210 211 209 213 213 213 211 208 211 211 211 210 209 211 207 208 207 207 208 210 206 203 199 197 188 156 99 74 
87 7 162 186 192 197 194 194 194 189 194 197 192 198 201 200 199 198 197 199 203 203 203 203 201 201 202 206 205 205 206 202 203 202 202 206 206 209 208 207 207 205 211 210 206 209 208 203 209 208 208 203 63 55 54 54 56 59 177 209 211 209 211 209 211 212 211 210 209 209 208 210 211 211 210 193 205 207 207 210 209 209 206 199 201 195 178 145 87 75 
86 127 166 185 138 193 193 191 193 195 194 197 197 197 196 200 202 200 200 197 200 198 201 204 204 203 200 204 203 202 209 210 209 205 202 201 202 202 209 209 210 202 205 204 205 210 210 210 206 207 205 194 57 59 58 57 55 56 193 210 214 214 210 208 211 210 211 212 211 211 211 209 209 209 209 210 211 209 209 207 207 207 205 206 203 196 174 118 72 73 
86 127 164 162 183 187 194 196 191 194 195 195 198 197 196 198 200 201 197 201 199 201 203 203 201 203 203 205 202 204 206 210 210 202 202 202 200 205 206 210 192 205 203 208 209 205 210 210 205 203 206 188 61 56 57 54 58 56 191 210 213 212 205 209 211 209 211 211 211 210 209 208 210 206 209 208 211 210 209 205 207 210 209 203 201 196 156 100 64 71 
