204 204 66 94 78 97 118 120 112 127 140 147 87 157 167 167 154 143 131 129 129 123 133 123 121 114 113 112 106 115 114 96 86 89 100 105 116 118 124 105 108 154 179 196 201 203 205 205 205 202 199 196 189 180 177 176 179 181 185 184 184 187 185 189 195 196 198 196 186 178 173 173 167 166 169 183 179 176 165 169 175 179 167 139 135 114 95 94 103 129 
67 61 59 91 98 105 106 131 166 162 145 141 153 156 150 136 134 133 133 130 255 128 120 118 107 106 111 106 117 114 117 101 98 98 100 117 116 154 186 192 192 195 198 201 203 202 203 191 147 186 201 201 202 202 201 202 200 201 201 202 202 201 201 202 202 206 206 204 198 195 192 188 197 193 182 174 165 168 175 184 184 173 168 172 164 122 123 133 115 102 
80 80 87 100 98 118 134 164 154 155 152 140 124 107 139 136 128 131 125 123 123 119 115 112 106 106 113 113 114 115 120 102 101 103 105 145 199 200 200 198 199 201 203 205 209 207 138 134 213 209 204 208 205 202 202 203 202 204 203 188 173 157 149 147 147 150 149 152 158 162 177 186 197 199 196 192 188 188 185 175 168 170 181 180 164 157 167 146 115 136 
89 86 87 125 144 147 154 146 136 133 135 136 135 147 157 165 164 164 130 150 141 133 113 118 116 118 113 111 116 114 117 104 107 115 167 185 185 187 186 185 187 182 186 192 193 193 101 175 199 197 195 197 197 197 200 205 201 202 192 119 125 122 112 117 116 115 105 107 107 121 112 106 119 125 147 164 183 195 193 188 187 187 177 164 176 181 174 155 155 167 
93 120 136 141 148 134 139 153 157 153 148 137 141 143 155 159 150 120 89 83 96 116 118 116 117 113 113 113 116 117 122 106 110 155 183 183 184 184 186 183 180 184 185 188 192 189 105 191 199 194 191 191 192 190 192 189 188 188 187 161 114 111 97 112 112 119 120 116 120 112 101 105 102 115 114 114 114 115 132 153 179 193 191 186 187 174 156 173 183 178 
137 146 135 140 154 154 160 160 157 154 150 134 141 103 92 87 105 122 126 118 115 118 123 119 117 115 114 112 120 124 122 114 141 187 186 185 191 186 184 185 185 186 187 193 194 188 102 176 198 195 193 191 193 191 186 188 188 189 191 191 133 110 105 130 101 108 110 114 109 121 112 114 96 114 108 112 104 103 105 104 117 123 148 167 183 186 180 184 170 162 
146 134 131 146 153 162 163 162 157 138 95 82 98 121 128 122 114 115 117 121 125 121 125 124 115 113 113 114 122 124 124 139 186 187 185 189 188 189 184 187 186 188 192 192 196 184 94 174 199 196 195 194 195 191 186 188 188 189 194 192 194 120 104 108 108 116 106 113 103 120 104 112 111 114 117 116 112 105 105 114 107 109 113 111 116 132 158 187 186 183 
134 136 137 153 153 145 129 98 105 120 126 114 101 103 114 122 127 123 126 122 120 122 122 121 120 121 120 116 120 122 157 193 189 190 190 189 188 188 188 191 188 189 189 194 194 175 100 199 201 197 194 194 192 193 193 194 189 191 188 189 192 190 141 2 118 112 112 117 115 115 115 105 105 105 96 114 114 122 88 116 105 105 107 106 107 112 105 111 137 174 
141 131 134 253 97 99 121 127 122 121 121 103 104 105 118 127 124 124 89 122 119 119 124 121 119 119 116 117 125 183 196 193 194 190 188 187 190 192 192 193 130 189 191 191 200 155 100 192 201 200 197 195 197 196 197 192 192 192 194 195 196 197 181 114 105 112 115 118 121 119 105 107 111 105 117 115 115 105 113 106 111 125 109 111 107 104 101 101 105 115 
125 91 97 117 120 117 117 122 121 122 121 121 121 113 122 128 127 116 123 127 125 139 152 157 166 165 174 181 187 194 193 194 190 189 188 189 193 192 194 194 191 192 194 197 197 146 98 166 202 199 196 197 195 197 192 194 191 193 196 197 198 196 195 190 174 116 112 113 120 118 115 114 116 117 113 114 115 106 106 105 114 109 104 103 111 112 104 100 102 107 
113 120 99 114 114 116 119 123 126 123 128 123 133 142 162 176 181 182 187 188 128 192 194 194 192 191 196 191 195 197 195 195 193 191 192 195 196 193 196 195 194 194 196 197 199 146 95 151 201 200 201 198 197 197 194 197 194 197 197 197 197 196 196 200 192 198 176 167 151 137 118 116 120 118 115 121 132 122 116 115 115 113 110 105 103 100 104 106 116 113 
107 101 96 116 105 118 123 141 153 173 176 177 181 184 185 189 187 190 188 191 195 198 197 195 196 193 192 194 198 196 195 194 192 194 197 195 194 195 195 194 194 194 197 200 200 152 92 154 201 205 200 199 201 197 197 197 198 199 198 200 196 197 197 194 201 196 197 185 186 181 181 181 177 171 163 147 128 121 255 134 124 117 113 105 103 105 114 114 106 109 
105 113 132 157 163 174 178 181 186 184 186 184 182 186 185 188 191 194 195 194 195 195 196 197 195 193 193 193 193 194 198 194 196 193 193 195 194 197 196 196 197 197 197 198 193 91 101 192 201 201 198 198 199 199 200 198 195 197 198 199 200 199 200 197 198 201 197 198 189 191 185 181 181 192 181 179 182 182 176 168 149 144 128 123 115 105 108 103 103 114 
152 165 176 175 177 181 180 187 186 187 187 185 186 185 188 188 191 195 194 194 196 194 199 195 193 189 187 187 185 185 180 174 169 165 157 155 153 153 155 153 150 150 153 152 148 89 96 179 181 187 192 195 195 197 199 197 196 195 202 200 200 201 197 197 197 201 200 201 199 191 186 181 183 184 184 186 184 180 179 180 180 181 191 188 173 149 129 115 116 116 
146 166 169 179 179 179 185 186 191 191 186 187 183 182 172 158 141 130 117 102 101 103 114 115 137 145 152 161 167 177 179 180 181 184 186 186 189 192 192 187 187 191 192 196 187 96 96 197 189 180 177 168 155 145 128 101 96 100 105 118 137 145 166 180 189 194 197 198 200 197 188 185 185 184 187 185 181 181 185 184 185 183 178 186 186 185 175 178 175 168 
147 154 199 180 179 184 186 188 176 182 159 136 122 115 113 117 121 142 154 165 180 183 186 182 189 191 195 198 198 199 200 197 195 199 201 199 201 201 200 196 197 202 205 202 187 90 98 208 202 206 205 202 201 200 197 194 185 178 167 148 129 117 103 104 121 136 149 171 185 189 187 186 186 186 187 184 185 184 186 187 186 181 162 175 183 186 186 181 181 185 
142 157 178 180 180 177 162 132 116 99 101 105 138 157 166 182 185 191 194 196 197 195 194 193 195 197 195 197 198 196 201 201 201 198 198 200 200 200 202 201 201 200 199 202 142 90 101 213 203 207 204 205 206 202 204 204 202 202 201 200 200 197 189 176 157 138 118 114 118 121 78 145 162 175 184 184 187 188 185 184 184 180 179 179 179 188 185 179 178 186 
134 153 166 155 126 101 111 203 145 170 174 183 189 189 192 191 192 195 192 197 198 196 194 194 196 196 197 197 200 200 201 201 200 199 201 200 203 201 202 202 199 199 201 200 165 91 102 210 205 205 206 209 205 205 208 200 202 203 205 205 204 206 203 203 199 201 198 191 176 163 143 104 106 115 124 149 171 177 184 185 185 180 180 178 176 180 187 186 185 189 
114 102 90 90 112 144 170 185 186 187 188 192 192 197 194 192 128 191 193 196 201 194 193 194 193 199 196 192 201 200 202 202 203 203 199 202 203 203 203 202 200 201 203 205 167 93 96 213 207 205 206 206 209 208 203 201 202 203 206 205 206 204 202 202 202 210 209 201 201 199 197 187 176 158 139 121 112 116 137 157 180 179 179 177 175 176 183 189 187 190 
88 115 146 175 177 185 183 186 192 191 194 194 192 194 193 191 193 196 196 197 195 192 194 195 200 201 202 201 200 202 206 205 202 203 200 200 202 201 202 202 205 203 203 202 136 92 99 214 211 207 204 202 192 205 206 205 202 203 202 201 202 208 208 208 204 203 208 205 203 202 202 198 188 189 185 183 177 159 136 116 113 130 149 177 177 176 178 188 185 192 
118 146 167 180 184 187 185 191 193 189 193 191 194 193 195 193 194 193 194 195 193 191 195 195 201 203 201 199 200 202 201 201 200 200 201 203 202 205 203 203 202 203 204 202 179 95 98 213 206 205 207 195 210 205 208 202 202 204 204 205 209 210 210 204 202 208 207 208 203 202 199 199 191 191 191 192 193 193 193 180 154 137 106 119 133 151 168 179 188 195 
113 140 156 182 183 186 187 192 188 194 193 192 194 194 196 195 195 193 195 193 191 196 195 199 202 200 200 201 200 201 201 201 200 201 201 202 203 203 203 201 203 204 204 205 168 92 101 188 205 204 207 206 209 210 205 202 208 205 209 206 209 193 203 208 205 209 210 209 203 201 201 200 192 193 195 194 194 194 195 195 189 184 175 155 132 106 118 148 182 189 
106 124 156 177 185 189 189 192 192 189 189 193 196 198 197 197 193 194 195 189 193 194 195 192 200 197 198 200 201 202 205 201 201 201 200 205 202 205 202 202 201 202 205 206 166 92 91 183 209 222 210 205 209 205 203 207 202 208 209 209 193 207 204 204 209 208 209 208 205 182 198 197 196 192 189 191 193 193 193 193 186 184 183 182 179 174 166 139 125 125 
97 131 150 173 180 183 185 187 189 188 186 189 188 193 193 195 193 193 185 182 185 191 192 195 193 195 195 194 197 198 199 201 198 198 199 202 202 202 200 198 199 199 199 202 163 87 80 165 202 202 205 203 202 201 201 201 200 201 201 204 203 201 202 202 201 204 206 205 204 198 198 197 198 201 191 191 191 192 194 192 189 186 184 177 181 175 176 178 178 174 
96 119 153 174 180 183 185 189 187 187 188 187 192 193 197 196 191 187 182 179 186 189 197 195 195 196 196 199 198 200 200 199 201 198 201 200 200 201 201 199 199 200 202 201 159 90 92 155 205 208 209 205 205 201 200 202 202 203 202 204 203 202 200 203 209 205 206 202 202 197 199 199 198 199 188 187 190 191 193 195 192 187 180 183 179 178 178 179 184 190 
96 129 165 179 181 181 182 186 189 191 191 147 191 189 190 194 194 188 186 186 187 191 193 201 198 199 197 197 198 199 201 201 201 201 200 199 199 200 202 203 202 202 203 200 17 90 97 187 202 202 203 202 205 205 204 201 202 201 203 205 206 205 205 202 203 204 202 205 204 202 197 198 196 198 201 191 193 195 192 191 187 186 186 181 181 178 176 179 181 189 
100 133 169 179 180 183 187 186 189 189 185 188 188 192 194 194 191 189 186 185 187 193 197 200 199 198 199 198 200 202 202 202 203 199 200 199 202 201 201 205 201 202 200 201 156 85 94 113 204 205 202 205 204 206 205 202 200 201 200 209 205 205 200 202 203 204 205 206 206 203 201 200 198 201 201 201 195 193 193 191 187 185 185 184 177 177 175 177 184 189 
106 138 165 179 181 184 187 189 191 191 187 191 192 195 194 191 189 188 187 187 192 193 197 198 197 198 197 197 202 202 199 201 200 200 198 200 202 203 203 201 202 202 202 206 157 82 95 113 205 205 209 210 205 206 202 204 203 205 209 208 209 202 207 207 205 210 207 209 202 197 198 201 200 200 198 201 189 191 195 192 192 187 185 181 180 177 178 182 186 189 
114 141 168 178 180 185 184 185 181 180 177 178 176 168 193 189 184 185 189 193 194 197 196 199 195 199 198 201 202 203 201 197 201 200 201 201 202 205 201 201 202 203 205 205 156 89 86 104 209 203 209 209 205 203 204 205 202 210 208 209 207 202 204 205 208 205 209 206 202 203 203 202 205 202 201 198 198 196 195 195 192 188 178 182 180 180 191 180 186 187 
112 144 145 144 113 100 95 97 93 97 92 91 90 113 181 179 187 189 197 195 195 194 208 198 200 200 203 198 197 199 201 201 202 203 201 203 201 204 206 205 205 204 204 204 97 86 87 138 208 205 206 208 210 207 208 207 207 203 205 205 209 210 207 194 205 203 205 204 208 209 206 202 202 199 202 203 201 200 197 192 189 185 187 186 181 184 178 178 181 188 
81 84 87 91 97 101 103 115 118 117 121 115 118 175 146 201 194 195 197 197 196 195 197 196 199 201 198 201 201 201 202 203 202 198 202 201 202 205 205 205 202 204 206 205 142 82 86 119 207 207 205 208 206 209 209 207 208 208 208 211 210 208 207 205 203 205 209 206 208 209 205 204 202 202 202 202 202 197 192 145 146 159 166 177 178 173 177 178 187 186 
99 104 65 97 117 106 118 117 117 120 115 115 107 83 186 197 197 194 193 196 198 197 195 198 199 200 199 200 200 99 201 203 200 203 201 202 205 205 209 192 202 205 201 208 137 84 86 93 210 207 207 208 209 207 203 209 207 208 208 211 210 210 207 208 208 205 204 209 209 204 206 207 204 208 209 202 201 199 193 186 90 82 81 82 82 86 97 106 121 136 
103 105 103 101 124 111 113 112 119 115 114 113 117 165 197 198 197 196 195 196 199 198 194 197 196 197 201 198 202 201 203 202 200 201 202 206 203 206 208 202 205 207 204 207 116 89 83 93 210 207 209 210 208 192 207 207 209 209 210 210 209 209 208 209 208 104 207 211 205 202 205 205 208 210 208 195 193 198 191 142 141 128 120 112 105 99 97 87 84 114 
100 101 103 100 134 115 115 115 98 105 110 117 131 201 197 197 197 196 197 196 198 198 197 195 195 196 199 202 203 203 201 201 200 201 202 203 206 209 203 203 202 205 210 204 94 86 84 92 212 208 210 209 208 205 207 205 221 210 210 209 208 208 208 208 209 208 210 208 209 209 207 210 209 208 210 209 205 205 194 120 177 123 123 121 116 118 121 123 123 119 
104 114 105 107 124 105 115 112 117 115 105 102 198 194 194 194 196 199 197 196 196 198 200 197 197 197 198 200 200 201 203 205 203 202 205 203 204 206 209 210 205 207 209 199 111 86 95 99 212 207 210 208 211 209 208 208 208 207 209 209 209 209 211 208 207 208 208 209 210 209 208 210 209 211 210 211 207 209 205 178 123 122 121 123 120 114 117 150 127 135 
106 107 113 106 106 104 113 115 120 113 0 199 191 193 193 196 197 198 198 196 198 197 199 197 197 195 197 201 202 205 203 203 205 204 202 202 202 209 209 208 207 209 209 202 90 89 96 67 209 209 210 212 211 210 209 210 209 208 209 210 210 210 208 208 208 207 209 209 211 210 208 209 208 212 211 210 210 207 207 205 181 124 121 120 114 114 115 123 134 134 
104 126 111 101 105 113 115 114 112 136 196 189 192 190 196 196 196 196 196 197 197 197 201 201 198 197 195 199 200 203 209 204 202 204 205 203 209 209 207 193 208 208 205 207 90 85 93 89 209 208 209 212 211 210 208 208 209 209 212 210 209 209 207 209 208 209 211 209 211 209 209 210 209 211 211 211 209 208 205 200 205 197 124 121 113 116 114 119 135 132 
102 113 100 101 105 111 114 114 138 196 187 191 189 193 196 195 198 196 195 197 200 202 201 200 197 197 199 199 205 203 205 202 201 203 205 210 210 208 207 208 208 209 208 205 90 85 90 88 202 211 213 212 212 211 208 209 209 211 210 211 210 210 209 210 208 210 212 212 209 210 210 210 212 211 212 210 206 209 205 207 210 203 196 129 120 120 117 123 132 129 
107 105 105 102 103 118 114 134 195 189 186 191 194 195 197 198 195 196 197 199 202 200 201 199 198 197 196 201 202 205 209 202 202 203 205 210 206 211 205 204 209 209 208 202 99 92 87 89 205 212 214 211 212 211 210 210 204 211 209 211 211 209 209 208 211 211 210 212 210 209 209 209 213 212 213 209 209 209 209 212 209 205 203 194 127 117 123 128 133 127 
104 105 117 113 104 118 145 188 191 193 193 193 191 193 191 199 198 199 200 197 196 197 200 202 202 202 193 198 201 203 206 205 206 205 202 205 205 208 207 209 211 210 210 162 83 86 88 90 192 212 211 211 212 212 211 212 210 210 209 209 211 210 211 211 208 211 210 213 211 212 213 211 212 211 211 210 212 209 208 209 207 202 205 203 192 124 124 130 130 126 
108 117 108 115 105 156 185 188 190 192 191 191 193 192 195 198 201 199 192 197 197 198 202 202 203 201 200 198 200 202 206 206 209 203 205 204 205 209 208 208 211 208 209 135 86 88 91 91 143 209 213 212 212 214 213 209 210 209 210 212 213 211 211 210 210 211 210 213 213 212 212 213 214 213 214 213 211 211 210 209 208 208 208 205 202 196 132 134 254 124 
105 105 116 104 130 189 186 191 191 191 191 191 193 193 198 198 197 197 197 194 197 197 202 203 202 202 199 200 198 201 202 206 206 204 203 205 209 209 210 210 209 208 209 113 87 88 89 84 130 212 216 214 214 213 212 212 212 210 208 211 213 211 210 210 210 211 213 216 214 213 214 215 213 214 213 213 213 209 210 209 208 209 206 206 202 202 193 136 137 132 
109 107 96 122 188 185 186 191 191 189 188 192 193 194 197 198 198 193 196 200 198 202 204 202 205 200 200 200 201 203 205 205 203 205 205 203 209 209 210 210 209 211 207 145 89 88 86 85 121 213 219 216 214 214 211 212 211 210 211 213 212 211 211 211 210 213 214 215 215 213 214 213 215 215 214 215 211 213 209 209 211 209 208 210 203 201 200 192 162 194 
108 107 121 184 185 184 187 188 190 188 189 191 194 195 196 197 194 195 196 199 201 202 202 202 201 202 202 199 201 205 204 203 203 205 207 209 209 210 211 209 211 210 208 117 87 85 83 85 107 214 216 216 216 213 211 212 210 212 212 212 211 211 211 212 211 213 216 214 213 216 214 215 217 216 215 214 213 212 209 211 211 209 209 205 205 202 199 200 199 194 
106 114 178 179 182 187 190 189 184 188 189 191 194 195 197 195 196 198 198 199 201 201 202 200 202 201 203 202 203 201 203 204 204 207 221 208 209 212 210 208 210 209 212 114 86 85 83 83 98 218 214 215 214 214 211 212 211 213 212 213 210 211 210 212 215 215 216 214 214 214 216 217 218 216 217 214 213 213 213 211 212 211 192 207 205 204 203 202 198 187 
100 188 178 181 181 186 186 187 189 192 193 194 192 194 194 196 197 197 198 198 199 200 201 202 202 205 203 202 199 201 201 209 209 209 205 207 207 210 210 211 212 212 205 85 81 85 84 118 93 213 213 213 216 214 214 215 210 211 212 208 211 214 211 212 211 214 213 217 216 217 217 216 216 214 217 216 215 213 211 209 209 208 209 208 205 202 200 199 195 182 
156 180 178 176 178 182 185 188 191 193 194 189 190 192 196 196 198 199 199 200 199 200 202 202 205 200 202 204 201 202 203 209 209 204 205 207 208 209 210 211 211 211 207 81 84 82 85 80 93 217 213 215 216 214 213 212 210 211 212 214 212 215 211 213 212 213 216 215 216 217 215 216 216 216 215 216 214 213 212 208 209 209 210 209 207 202 200 198 196 178 
183 181 176 177 179 182 188 191 193 192 188 191 189 194 196 197 198 196 196 199 201 201 201 203 205 202 201 203 208 203 203 205 205 204 205 208 210 209 209 210 209 211 201 86 83 84 85 82 90 217 214 215 214 214 213 212 214 211 212 212 211 208 214 212 210 214 216 217 218 215 216 214 216 217 217 214 216 211 211 210 211 209 210 210 203 202 202 201 194 172 
176 177 178 178 176 183 183 189 192 188 188 192 191 196 195 195 195 197 196 198 200 201 202 202 203 201 201 204 206 206 206 201 202 205 208 209 211 209 192 210 212 211 209 89 82 82 80 77 87 216 214 214 213 212 213 211 210 212 214 213 213 211 212 212 214 215 216 216 215 216 216 216 217 218 217 212 213 213 211 212 210 206 208 207 202 202 202 200 194 161 
166 180 179 182 177 181 182 187 191 189 193 193 192 189 194 193 195 197 200 199 199 200 201 203 209 205 207 205 205 203 205 205 205 210 207 205 208 209 210 211 210 211 205 85 77 82 81 82 102 215 212 212 212 213 213 213 210 213 212 212 214 213 215 208 213 212 214 215 218 219 218 203 217 216 214 216 214 214 210 208 186 195 209 205 206 205 200 197 182 147 
154 178 182 180 179 179 181 187 189 193 190 191 195 192 192 197 199 199 197 198 200 200 203 205 205 205 204 203 205 202 203 206 206 202 209 208 209 210 211 210 209 210 200 84 83 85 84 83 83 214 212 213 214 213 214 210 212 210 210 212 214 215 214 211 213 215 217 216 217 220 217 217 216 216 216 215 214 210 211 205 164 137 163 202 209 202 198 198 166 137 
145 170 181 180 179 180 184 186 189 194 188 190 189 192 197 195 195 197 198 201 199 203 203 209 202 202 202 204 203 208 206 206 202 202 209 208 210 209 211 210 208 210 199 85 81 83 81 79 81 214 210 215 212 213 209 211 211 208 212 212 214 215 213 213 214 223 218 217 218 217 216 217 214 216 216 215 214 211 210 207 198 146 127 145 163 197 198 194 176 123 
124 165 177 181 180 185 183 184 187 188 189 189 190 195 196 197 197 196 199 198 201 202 203 202 201 202 201 202 209 209 206 200 202 202 205 209 207 211 210 210 209 207 197 86 82 83 79 77 79 209 211 213 213 213 212 211 211 213 213 213 214 212 213 213 214 216 216 217 217 216 216 217 216 216 217 214 212 211 209 207 209 195 158 115 123 145 188 193 163 103 
118 138 175 183 181 184 184 186 184 187 188 189 193 194 198 195 194 195 194 201 200 201 204 200 201 202 202 205 208 210 209 202 203 203 206 210 208 209 209 211 210 209 202 88 82 66 76 74 79 196 212 211 212 212 209 212 212 213 213 212 211 212 214 215 215 216 218 210 217 216 217 218 217 217 216 214 213 210 208 210 209 209 200 169 124 113 132 159 149 99 
107 148 180 185 182 181 181 180 186 187 192 192 189 194 192 196 197 197 198 197 201 199 201 203 202 204 202 201 202 204 210 210 203 192 205 207 208 209 210 210 211 208 195 75 73 83 83 82 81 199 211 211 213 212 212 212 211 210 211 213 214 213 215 214 216 216 217 218 218 217 216 216 214 214 214 213 214 212 210 208 207 207 209 197 179 136 103 112 99 88 
103 144 175 181 184 182 181 185 185 185 129 189 192 192 197 196 196 197 197 198 200 193 202 202 205 202 202 203 205 209 209 209 209 201 201 205 209 208 209 210 209 210 194 75 82 82 75 67 79 198 212 212 214 212 212 210 212 213 211 213 215 213 213 213 214 214 217 217 215 219 215 213 214 215 215 213 212 208 212 209 208 209 210 208 197 185 148 98 91 79 
97 135 162 177 185 182 185 184 186 176 185 190 189 195 195 197 195 197 196 197 199 201 201 201 201 200 201 208 205 209 209 206 202 202 205 201 210 209 211 207 208 209 191 82 79 77 75 73 75 189 211 212 213 211 210 211 211 211 213 213 214 212 213 213 214 216 217 217 217 214 215 213 215 215 213 213 211 210 210 208 210 211 206 201 201 198 176 135 89 80 
92 119 157 175 182 185 184 187 185 182 186 187 191 193 193 195 195 195 195 197 194 201 201 200 201 199 201 205 202 206 209 205 204 201 205 205 209 210 209 209 208 205 201 82 82 75 73 74 74 89 212 210 212 212 211 202 209 213 213 212 212 213 214 212 214 216 215 215 214 216 214 218 213 214 212 210 209 209 210 210 209 209 207 202 202 197 188 139 89 74 
84 127 157 180 180 180 183 182 186 186 187 191 192 189 193 196 197 196 199 197 196 197 199 202 202 202 202 201 201 205 206 209 210 205 202 202 202 205 209 209 210 205 191 74 72 81 78 82 82 137 208 209 212 213 213 212 210 211 210 211 212 214 216 211 213 214 213 215 217 217 215 215 213 211 209 212 211 211 209 205 205 207 205 204 203 197 175 120 74 77 
85 104 146 168 176 184 187 186 185 185 186 187 193 193 194 194 193 193 194 196 197 199 199 201 198 199 202 200 205 205 207 204 208 204 208 201 203 203 203 207 206 207 198 83 77 72 74 73 74 97 212 212 211 210 211 211 211 212 212 217 211 211 213 212 215 213 216 215 214 215 214 214 213 213 213 210 208 208 210 210 209 210 205 204 200 197 176 117 77 65 
