211 210 90 84 80 77 90 105 97 114 104 137 149 163 170 159 144 133 130 129 120 131 121 114 118 120 117 120 120 120 100 99 95 97 105 117 119 122 128 112 99 108 101 104 102 102 101 123 137 144 136 133 137 139 134 137 137 138 146 146 147 138 145 149 156 164 168 165 128 160 163 181 190 186 186 177 161 154 139 142 164 170 147 72 123 100 106 109 121 152 
104 93 87 96 124 137 103 115 2 134 138 169 169 175 138 137 131 130 128 255 128 129 127 118 120 115 119 119 116 115 99 95 96 93 108 113 117 119 132 118 106 105 107 103 105 112 115 125 141 152 136 122 115 106 113 120 120 132 137 138 135 143 149 151 155 153 149 154 152 156 164 171 167 165 166 176 183 182 179 170 163 157 174 182 165 145 145 123 101 99 
96 114 120 115 100 131 152 130 155 156 159 153 168 137 131 136 135 137 137 128 120 122 119 119 121 118 113 115 114 112 104 104 104 68 98 106 115 121 133 118 119 115 103 102 105 114 145 171 138 196 200 202 209 210 210 205 207 208 205 208 208 212 210 201 199 196 186 182 170 159 157 149 154 162 167 170 166 163 169 185 186 178 175 164 175 170 173 151 135 132 
102 104 113 139 161 167 147 166 155 165 144 134 130 130 136 133 135 131 125 121 118 119 118 116 116 106 112 112 114 117 110 107 113 108 103 117 112 130 133 118 115 120 165 187 205 209 210 213 216 214 212 213 211 209 210 208 209 209 206 208 210 202 203 206 202 205 209 208 210 208 205 204 202 191 179 157 155 157 165 168 162 164 186 189 183 169 156 172 178 142 
112 137 170 163 153 155 170 166 152 124 106 105 131 130 133 127 133 125 120 116 115 118 120 119 119 114 113 117 124 125 114 106 103 102 104 118 125 128 155 180 202 201 201 205 209 210 210 212 213 212 208 210 207 190 157 144 169 177 193 200 209 193 209 210 207 210 210 208 206 201 197 195 189 183 193 200 199 201 189 174 164 157 168 132 167 180 183 182 165 155 
135 156 153 154 165 165 146 132 114 103 104 111 253 127 128 125 118 116 118 117 121 120 119 118 115 119 119 124 124 127 121 112 104 106 115 128 175 206 201 202 202 202 206 207 210 209 208 211 213 212 194 127 146 197 209 207 208 208 210 213 211 210 211 210 210 213 211 211 210 209 210 210 211 210 209 204 201 201 192 182 187 196 198 185 162 153 165 152 181 178 
146 157 157 144 134 131 125 117 117 118 114 123 120 119 112 119 120 116 120 116 117 116 112 120 121 123 120 120 121 125 122 117 124 147 200 202 204 205 211 209 209 206 205 203 202 206 213 211 147 95 183 208 211 210 208 210 209 209 210 208 209 210 210 209 210 207 203 196 203 194 176 182 184 182 185 190 196 198 200 199 201 198 195 182 185 192 185 165 153 154 
147 136 132 132 127 123 118 124 115 117 114 106 117 116 116 119 119 120 121 125 121 122 122 123 123 124 119 119 121 126 126 117 186 201 203 203 195 209 208 208 207 209 209 205 212 213 214 172 94 163 212 214 210 209 210 210 211 208 209 212 211 211 210 212 211 208 188 163 146 135 125 121 116 180 130 130 132 134 135 134 137 164 186 194 193 189 184 174 188 187 
131 145 139 144 156 156 166 159 150 146 136 121 115 118 123 126 128 124 122 122 121 128 129 123 124 119 120 122 127 129 129 201 202 205 203 208 211 210 213 211 208 210 207 212 213 212 214 124 88 213 217 215 214 211 212 212 210 210 212 213 212 214 211 211 210 202 132 118 114 112 112 126 114 114 118 116 114 117 116 114 120 120 129 133 128 153 176 185 192 186 
156 158 155 155 154 165 162 159 155 150 147 152 153 135 128 128 122 122 123 122 130 129 128 122 121 118 120 121 127 137 209 198 200 199 201 203 200 203 203 202 201 203 202 205 210 206 203 175 83 185 208 209 212 211 208 211 210 213 212 214 213 213 213 212 214 210 126 123 122 121 114 121 119 131 134 120 115 107 105 115 125 137 115 116 107 102 115 129 137 178 
151 156 159 163 145 156 155 154 153 153 106 86 106 127 125 250 128 128 128 123 120 124 119 127 126 123 124 120 130 206 199 199 200 199 197 197 198 196 200 202 200 198 200 200 200 203 202 94 93 175 201 203 200 202 202 202 199 200 200 201 203 210 206 192 195 203 131 123 118 119 118 123 120 118 115 117 121 133 132 113 110 101 116 118 120 114 104 104 104 106 
154 158 163 158 158 156 139 103 83 98 114 120 131 127 255 132 131 128 122 124 122 123 127 130 124 125 119 124 201 199 199 199 200 198 196 200 199 202 202 201 196 197 198 201 203 203 202 92 89 178 203 203 206 204 203 201 201 201 200 203 203 203 203 202 202 202 201 135 121 120 115 118 115 106 117 117 122 115 114 114 106 116 114 115 115 106 111 106 105 106 
149 160 158 141 95 68 93 106 129 134 121 121 127 129 133 131 129 189 123 124 122 132 130 127 125 123 125 191 199 201 201 200 199 199 199 198 201 202 202 203 199 201 200 203 202 203 201 87 90 182 204 209 206 206 202 202 200 201 203 203 206 203 203 202 200 202 202 200 126 116 114 117 114 197 117 116 115 115 112 121 145 127 119 114 106 103 103 101 104 108 
133 99 69 87 102 124 129 123 122 122 115 122 126 132 132 132 2 130 124 127 130 134 129 126 123 127 158 199 202 202 203 199 199 201 200 206 202 203 203 202 200 202 200 203 203 209 203 86 89 196 210 210 206 204 205 206 205 205 203 202 206 203 202 202 201 205 205 203 187 124 118 124 118 115 118 117 106 114 115 114 121 112 127 116 115 111 104 114 102 105 
85 92 113 122 118 121 125 122 117 119 118 118 127 131 133 130 127 131 124 191 127 129 132 125 125 144 200 203 201 203 201 202 200 202 203 203 205 203 202 202 202 204 203 203 206 205 199 89 90 185 210 210 207 202 205 209 195 206 205 206 205 203 203 203 210 210 210 201 203 154 124 131 125 124 128 116 107 114 116 120 121 117 113 114 114 112 117 117 209 104 
99 116 118 125 116 115 116 116 123 120 120 116 123 126 124 133 129 131 66 123 121 126 132 130 136 201 200 203 203 203 203 206 202 202 202 203 203 206 206 206 206 203 202 202 210 210 197 91 89 188 206 203 206 209 205 206 203 207 203 205 207 210 211 203 203 205 202 209 207 192 129 134 122 126 145 124 123 119 117 119 116 119 119 116 115 112 105 106 105 106 
106 106 116 114 116 118 122 127 126 125 116 117 123 128 130 130 131 76 123 123 127 133 133 130 147 210 201 204 201 204 206 203 201 201 203 203 207 206 206 207 203 205 203 211 210 209 197 86 89 176 208 210 211 210 195 205 206 209 210 210 207 209 203 203 203 206 210 211 206 202 153 132 120 120 124 128 2 117 117 119 124 119 117 116 115 113 104 96 111 115 
99 97 105 117 116 124 120 213 124 117 117 116 123 125 128 129 122 125 123 125 132 132 134 135 158 201 200 207 210 206 206 205 201 202 202 206 210 210 207 206 203 203 208 210 209 208 198 90 90 179 209 210 209 206 206 209 207 210 208 211 206 203 205 205 206 206 206 211 203 203 193 135 126 123 121 117 121 128 134 127 122 122 123 115 114 111 106 114 114 115 
127 104 115 121 117 119 118 117 123 122 119 122 123 122 123 130 125 132 133 131 131 128 131 138 211 204 203 202 201 202 206 204 204 207 202 204 208 206 207 210 206 206 205 206 205 209 196 91 94 171 205 205 208 209 210 208 205 206 203 206 206 210 210 205 203 205 207 210 208 208 208 142 123 121 120 120 122 121 130 149 134 121 119 122 122 112 112 111 102 108 
94 106 115 115 118 117 118 123 125 123 120 116 118 122 126 129 130 133 129 129 130 129 140 163 203 201 202 203 201 203 206 208 205 202 205 205 203 206 210 211 205 206 207 205 209 210 197 94 86 169 208 211 210 210 210 205 206 208 205 211 210 210 203 208 205 207 208 210 209 210 205 175 128 129 124 121 122 116 119 123 139 143 125 116 118 114 114 112 114 116 
94 102 105 115 114 116 122 122 123 124 117 117 119 124 126 131 131 126 128 130 255 136 144 199 200 200 200 203 204 203 206 203 202 205 206 204 208 206 209 205 205 205 205 208 208 209 201 91 88 163 211 210 210 211 209 203 210 208 211 209 210 207 205 77 206 211 210 209 210 203 209 203 135 130 128 122 115 116 120 114 127 127 128 122 113 114 115 118 115 107 
93 95 105 114 115 122 121 123 121 121 116 118 127 127 128 131 123 126 129 131 134 137 147 205 201 201 203 203 206 207 209 203 205 206 211 210 205 209 209 206 203 208 209 210 209 194 200 88 88 133 211 211 211 208 206 205 206 208 209 210 207 208 211 205 208 205 209 194 205 207 205 203 168 127 126 123 120 122 251 124 123 121 115 116 119 120 117 115 116 116 
91 98 107 121 115 116 118 114 125 128 117 117 120 123 122 130 131 133 128 131 131 133 188 206 206 210 203 203 203 202 209 206 207 208 208 205 202 209 208 210 209 209 208 206 208 210 194 93 84 147 208 212 211 211 211 211 208 208 211 210 210 210 208 207 207 208 208 210 211 77 205 203 194 128 127 127 124 0 125 119 123 122 119 118 119 118 117 107 111 114 
91 101 113 113 116 117 120 123 125 127 115 112 122 125 127 129 128 7 132 131 130 145 211 207 206 203 202 202 206 210 205 210 203 205 208 208 211 209 210 211 209 209 209 211 211 210 191 86 86 146 209 210 210 209 211 208 210 208 210 211 210 209 209 209 206 208 210 211 211 211 207 205 205 145 127 123 125 123 119 123 128 123 118 117 116 114 114 116 117 117 
88 101 105 107 115 120 124 125 125 120 115 114 122 127 126 132 1 130 130 133 136 169 203 206 202 205 205 208 206 211 209 206 205 206 208 210 210 210 208 209 205 208 210 210 211 210 198 84 84 9 214 211 212 209 208 210 210 210 210 211 209 209 209 210 208 211 211 211 209 209 205 205 207 194 130 127 118 122 123 125 127 125 120 118 113 112 105 115 117 121 
83 96 107 118 118 115 115 120 120 122 120 125 120 125 124 255 130 134 136 134 151 201 203 211 206 210 209 205 205 205 208 211 210 209 206 209 206 208 209 210 209 210 209 209 210 211 190 90 91 124 210 211 210 211 211 210 212 208 211 209 212 213 210 211 211 210 211 210 211 211 209 208 202 203 145 130 120 128 122 121 123 121 127 125 119 117 113 112 102 98 
86 98 116 121 114 116 116 115 120 126 121 115 122 124 250 128 131 132 130 137 205 200 203 206 210 208 205 205 205 223 209 210 211 208 208 207 209 210 209 209 211 209 210 210 213 213 189 90 85 106 211 211 213 213 212 210 209 212 211 210 211 211 212 212 210 211 210 212 212 211 210 209 208 205 207 139 133 126 123 122 121 125 120 121 122 117 116 115 115 114 
89 104 115 71 115 117 114 124 121 123 114 112 118 123 128 129 130 0 130 206 200 201 204 206 210 207 207 208 206 208 209 209 209 210 207 210 209 209 210 211 210 211 211 210 213 212 187 85 86 100 211 214 212 214 208 211 211 212 214 211 214 214 211 212 212 212 213 212 213 211 210 210 209 209 209 202 135 124 131 136 129 122 124 123 116 114 117 111 116 123 
94 104 114 118 117 116 123 122 122 117 119 116 122 127 125 118 123 127 186 200 201 202 203 206 205 205 208 207 209 210 209 211 210 209 209 210 210 210 211 209 211 211 212 212 212 214 198 88 83 95 219 216 215 214 213 212 213 215 214 213 214 213 212 212 212 213 214 214 213 210 209 210 211 210 209 210 206 134 178 194 191 126 121 122 117 115 107 118 117 118 
98 105 104 115 116 122 125 122 114 118 120 115 126 129 127 130 137 195 199 199 201 202 203 204 205 205 208 209 211 211 212 211 210 212 215 212 210 212 211 211 211 211 211 212 215 212 197 89 83 90 217 216 214 212 212 214 213 214 214 214 215 213 211 214 216 215 213 213 211 212 211 212 211 211 212 210 208 198 132 158 177 136 124 119 114 119 116 116 121 118 
102 115 117 117 116 122 118 122 123 125 124 114 118 122 123 162 196 202 201 202 202 203 201 206 206 210 205 211 208 211 209 211 212 211 209 211 210 212 212 212 213 213 211 213 213 212 169 89 87 87 218 214 216 216 215 208 215 215 214 215 216 216 216 214 215 215 214 216 212 213 209 212 210 210 211 210 213 211 180 136 130 253 130 123 122 116 117 116 119 128 
108 119 120 116 117 120 119 124 123 125 116 118 125 121 174 195 200 204 200 202 205 200 206 206 206 206 208 210 209 212 211 212 212 211 211 210 213 212 213 215 210 212 211 214 214 212 163 86 89 86 219 216 217 215 217 213 213 215 214 217 215 216 214 215 214 214 215 216 214 215 213 211 211 213 213 213 211 210 209 166 146 139 142 119 120 115 123 120 127 185 
116 120 114 116 120 123 132 129 136 133 136 137 150 168 195 201 201 201 202 205 208 210 210 205 192 206 208 210 212 213 210 212 211 210 211 212 212 213 216 211 212 212 213 214 216 215 160 87 84 83 208 217 218 215 215 214 214 212 217 217 215 215 214 215 215 216 216 216 216 212 210 213 211 213 213 212 210 209 209 206 203 198 134 138 129 119 121 119 118 139 
156 187 192 192 190 193 198 200 199 201 201 202 198 199 196 200 202 203 202 205 205 209 205 206 207 206 209 211 210 211 211 212 211 211 211 214 214 212 214 213 214 213 214 216 217 215 158 86 86 86 204 217 218 216 216 217 214 215 218 216 216 218 216 216 215 217 216 216 216 214 213 213 211 214 216 215 213 206 209 210 210 198 184 120 121 125 129 252 123 123 
171 189 192 192 195 196 200 199 203 201 202 200 198 197 202 202 201 203 203 208 210 209 211 209 202 203 209 209 213 212 213 211 211 212 208 211 215 213 214 214 214 216 217 218 218 216 189 88 88 83 193 217 219 219 216 214 216 218 217 217 217 216 215 216 214 216 216 216 214 214 214 214 215 214 215 215 214 215 211 211 210 203 198 183 129 125 123 126 131 132 
184 192 193 194 198 199 200 202 201 201 201 198 195 200 202 202 201 203 207 208 211 210 209 205 204 205 208 211 214 213 212 211 212 212 214 215 216 216 213 214 214 208 217 219 215 212 196 82 87 87 153 116 219 216 217 218 216 217 218 219 217 215 216 215 215 217 217 223 216 215 216 215 217 218 216 215 214 217 214 208 212 210 203 201 200 196 199 197 195 191 
185 195 196 199 196 199 200 200 204 202 200 198 198 198 200 203 209 207 210 210 206 209 211 209 211 210 208 212 212 211 214 213 212 214 214 214 214 216 217 217 217 216 216 218 215 217 167 89 87 82 151 216 219 219 219 218 217 218 217 216 218 218 218 218 216 216 216 218 218 218 216 216 216 217 217 218 216 217 215 212 208 208 210 210 203 199 198 197 196 198 
190 195 197 197 198 200 199 201 200 199 200 197 198 199 202 210 210 208 207 209 209 208 212 211 211 210 208 210 213 214 213 214 213 213 213 215 216 218 216 217 214 216 217 216 217 217 159 90 85 86 124 219 221 219 218 217 218 218 217 219 218 219 219 218 215 217 218 208 217 217 216 215 216 218 217 216 217 213 215 216 214 206 212 205 209 200 200 199 196 200 
192 196 198 197 198 200 200 200 198 201 195 197 198 202 209 210 208 194 206 206 208 209 212 212 211 206 209 210 212 215 214 214 216 215 216 214 217 216 218 218 216 216 219 219 219 218 182 83 77 80 89 219 219 219 221 219 218 219 219 221 218 220 217 217 217 216 218 219 218 217 216 217 217 217 218 219 210 216 214 214 216 214 210 206 203 202 197 198 202 200 
190 195 197 195 200 200 198 199 199 192 199 199 200 206 208 210 207 209 205 209 208 211 213 211 211 209 208 209 212 212 216 216 213 215 214 217 219 218 218 216 216 218 216 220 219 219 185 91 84 86 90 218 222 222 219 219 219 219 220 220 219 217 218 218 218 218 220 218 219 218 217 218 219 219 218 208 217 219 217 216 216 215 213 192 202 203 203 198 200 202 
190 195 195 198 197 197 196 196 198 197 197 198 203 209 209 210 208 208 209 209 212 211 212 212 209 210 209 211 211 214 214 214 214 214 216 218 216 218 218 217 218 218 220 219 221 219 195 87 84 82 88 218 219 220 220 221 220 218 222 221 221 218 219 219 219 220 220 219 218 219 219 219 220 219 219 216 218 218 218 217 217 214 213 213 206 203 202 206 198 199 
189 192 196 199 197 196 194 197 198 198 198 204 203 205 206 205 208 209 209 208 210 210 211 212 213 214 211 209 209 211 216 216 218 219 216 215 215 216 219 218 219 218 218 218 220 219 107 86 88 86 85 223 219 223 220 220 219 219 218 219 223 221 221 221 220 219 219 220 221 221 220 219 222 217 219 220 220 219 218 216 215 214 214 215 213 205 202 201 200 194 
191 192 193 194 195 190 195 195 198 198 203 202 205 203 209 209 211 211 209 209 208 209 213 214 214 214 211 210 211 210 214 215 217 216 217 214 216 218 218 217 218 220 219 219 220 216 92 88 88 84 86 224 222 224 223 222 221 218 221 221 222 220 220 219 218 220 219 220 222 221 220 219 219 219 221 219 220 219 217 218 215 216 216 215 213 210 202 200 199 196 
195 188 189 190 189 196 193 198 199 202 201 203 203 205 210 210 210 210 208 209 210 211 213 213 214 212 213 211 211 213 214 217 210 217 217 216 218 218 219 220 219 218 220 219 222 217 96 86 83 83 84 202 222 224 222 221 220 220 220 221 222 220 220 220 220 219 220 220 222 222 219 220 219 220 220 221 220 218 217 219 218 218 216 215 208 212 209 200 201 197 
190 187 190 185 191 194 197 198 202 201 201 202 205 205 207 209 211 210 212 212 210 214 214 212 214 211 213 214 214 211 212 216 215 216 217 217 219 220 221 218 219 219 220 222 222 216 90 75 73 84 80 214 222 225 224 225 221 220 222 224 221 222 220 221 222 222 220 221 222 220 220 219 220 220 222 221 216 219 219 216 219 217 216 216 214 211 210 205 200 189 
190 184 185 187 191 195 198 199 202 199 201 201 205 209 208 209 208 210 209 211 212 209 213 212 212 213 214 214 213 214 213 212 216 218 216 218 219 221 220 219 218 221 223 222 222 215 86 136 72 85 88 215 223 208 222 221 221 223 222 220 222 219 220 220 220 221 222 222 222 220 220 221 221 222 221 221 221 219 218 218 216 217 216 214 213 211 209 210 205 184 
184 189 187 188 128 191 191 198 200 204 202 205 203 201 205 207 210 211 209 210 211 209 211 212 215 217 214 214 213 210 214 214 217 219 217 218 217 217 222 220 222 210 221 220 223 215 90 85 74 83 81 218 223 225 223 221 219 221 221 221 221 223 222 221 218 220 220 220 221 221 221 220 219 219 219 220 221 220 217 218 217 214 216 215 214 211 209 203 201 169 
191 186 187 188 188 190 197 202 203 202 202 202 202 203 205 209 209 210 211 210 211 209 213 212 213 214 212 215 213 212 215 213 218 218 219 219 218 218 218 219 222 221 220 222 221 211 85 83 72 80 83 221 222 224 223 208 221 220 221 223 219 222 223 222 220 219 219 221 222 221 220 219 220 221 222 221 219 222 219 218 217 217 218 215 215 210 208 205 194 178 
182 190 189 186 187 189 196 199 200 203 202 202 203 203 210 207 209 210 209 212 209 210 213 214 214 211 212 212 215 213 212 214 215 218 217 217 219 219 218 222 220 220 223 236 221 202 88 82 70 80 81 218 222 222 223 221 220 221 220 220 222 222 219 219 219 219 220 221 221 220 218 220 221 220 220 221 219 219 219 218 218 216 215 216 212 210 210 203 201 170 
174 187 185 185 184 192 196 201 202 200 203 202 202 206 210 210 209 205 208 210 209 210 213 212 213 213 213 212 217 215 213 215 212 216 218 218 218 218 219 216 218 219 219 222 218 186 86 83 75 79 83 217 223 192 221 220 220 221 222 220 221 219 219 220 219 220 221 222 220 220 220 220 222 222 221 221 220 217 217 217 219 218 217 213 211 210 208 209 196 154 
82 74 98 147 160 182 191 198 198 198 200 201 203 206 210 211 203 207 208 207 211 212 211 209 210 213 214 216 216 215 213 214 211 214 218 219 218 219 218 219 218 218 219 220 220 250 83 82 76 86 82 218 222 219 221 220 221 221 221 222 220 221 219 219 220 222 222 221 218 220 219 222 222 221 223 219 220 219 218 221 218 215 212 213 212 210 209 211 189 145 
84 76 70 75 75 77 82 80 85 116 153 163 186 197 201 205 210 210 210 119 210 210 212 213 211 213 212 214 214 215 214 212 214 215 216 217 217 218 218 220 219 218 217 217 217 165 86 85 65 81 82 218 221 222 223 222 221 219 221 220 222 222 220 219 218 220 218 222 220 222 208 220 219 220 222 221 220 221 218 216 216 216 215 215 213 209 206 201 174 131 
85 82 68 66 69 74 75 83 74 67 65 67 68 67 75 82 88 99 120 147 163 181 193 203 212 206 210 211 211 214 214 212 212 210 217 217 216 219 218 219 217 217 217 218 220 133 83 81 77 82 81 213 220 220 221 219 217 219 219 221 221 221 221 220 219 221 220 221 222 221 221 220 220 222 221 221 221 219 217 217 215 215 216 214 209 206 203 197 170 117 
86 82 68 63 68 74 84 83 83 64 66 66 63 73 68 74 75 70 67 68 70 75 77 74 73 75 81 91 101 129 150 169 175 181 189 200 206 211 212 211 213 214 213 217 216 107 87 73 74 73 84 210 220 219 216 220 219 219 220 219 219 217 217 218 219 220 220 222 220 219 219 219 218 221 222 218 217 218 216 215 214 214 212 210 210 203 202 191 151 101 
114 136 143 100 77 82 83 82 78 72 64 66 64 68 68 70 68 66 67 68 74 72 74 78 74 72 73 81 82 78 82 82 89 90 88 83 82 78 73 78 78 79 84 85 81 83 74 73 75 72 76 90 94 93 98 106 119 125 133 138 135 144 146 148 163 155 155 150 149 149 149 142 150 150 146 135 134 132 127 126 119 114 105 97 93 92 89 93 94 90 
103 148 184 196 189 189 178 156 137 104 78 72 66 66 66 70 72 72 74 68 68 69 70 83 100 77 70 75 70 72 77 82 91 92 91 85 72 74 76 82 83 75 74 118 74 83 82 81 79 71 74 72 83 78 82 78 75 75 74 77 83 78 83 77 78 78 81 87 87 90 92 88 90 90 111 95 97 96 90 84 88 86 90 87 86 82 83 86 83 83 
99 144 181 187 194 193 193 195 192 195 198 195 185 172 138 111 88 82 70 71 69 69 75 74 74 67 73 73 74 77 78 76 90 88 89 90 79 82 79 81 77 73 73 74 83 82 78 84 72 73 72 65 76 77 83 75 74 74 75 82 82 84 67 78 79 83 87 85 86 92 89 88 89 92 94 96 96 89 86 84 84 85 85 83 86 81 81 82 88 82 
95 142 179 185 194 195 197 198 195 197 197 199 202 201 204 205 203 198 200 195 187 175 148 123 104 86 81 79 75 78 82 75 74 85 90 91 92 80 83 82 75 74 74 82 82 78 78 75 71 72 75 76 78 79 74 75 81 73 82 82 81 83 75 81 81 84 84 87 90 85 84 86 90 95 97 97 91 86 84 84 87 85 88 87 80 80 84 82 83 81 
90 4 160 181 191 195 197 196 196 194 195 198 200 204 203 206 205 203 205 206 210 210 210 210 210 209 210 207 207 201 195 185 175 156 150 145 130 124 107 94 90 83 88 84 85 78 71 73 71 72 75 78 78 66 78 80 75 83 84 82 86 77 78 81 80 86 88 90 86 90 88 97 99 99 98 66 91 86 122 92 94 97 97 97 102 119 128 112 81 76 
86 131 168 183 191 193 196 197 198 196 198 201 201 202 203 205 206 206 209 206 205 209 209 210 214 213 214 211 211 214 216 214 217 215 211 209 208 206 213 214 214 209 211 211 195 82 78 77 76 74 70 199 211 212 209 210 206 203 206 202 204 207 206 209 203 203 206 208 209 210 213 210 209 209 210 211 211 211 208 209 205 206 209 209 203 198 167 103 74 74 
