211 211 69 67 65 64 124 128 107 105 121 145 147 161 154 3 130 122 120 111 112 120 120 122 115 115 115 113 103 92 106 97 98 121 115 95 99 105 102 107 131 127 117 130 146 152 133 132 137 132 131 136 137 146 146 147 145 141 144 145 150 155 159 132 164 165 166 165 165 168 181 184 184 183 175 177 163 165 164 182 174 149 142 138 110 100 99 102 126 147 
88 81 77 91 100 86 105 120 146 155 165 151 141 131 127 125 127 126 121 117 118 119 119 118 117 115 105 105 100 125 105 103 103 103 117 95 99 114 103 106 3 123 121 130 149 153 134 122 113 112 114 119 128 133 151 133 141 139 150 156 156 162 153 152 152 150 152 158 163 169 167 164 158 165 179 191 189 186 171 166 169 183 183 174 141 136 130 101 103 116 
98 126 123 92 106 129 136 168 166 175 133 131 133 129 130 129 127 1 121 120 116 122 122 118 115 112 113 106 100 103 113 105 96 100 127 99 113 114 108 116 125 129 127 161 189 201 208 207 204 207 208 208 209 209 211 208 207 209 210 210 209 213 211 210 205 205 201 194 183 169 157 154 155 166 176 176 165 166 185 191 187 181 166 169 177 174 131 121 139 136 
115 112 125 143 131 149 154 165 169 146 128 130 132 138 133 129 125 117 119 116 113 113 117 117 105 111 106 104 107 104 114 113 104 124 122 109 115 120 130 168 196 207 209 213 215 215 213 210 210 210 210 210 209 206 200 189 175 168 170 169 178 179 177 177 178 181 185 192 192 199 202 205 209 196 185 173 162 161 166 164 167 182 189 182 177 161 156 178 154 127 
145 153 158 113 155 155 159 144 138 131 131 130 130 130 125 125 120 118 113 113 120 118 116 114 114 113 118 120 115 109 115 105 104 106 132 136 190 203 201 200 203 208 209 214 216 212 209 208 205 180 144 157 187 199 203 205 209 211 212 211 211 210 209 210 212 213 214 213 208 210 205 201 196 194 186 190 198 201 191 180 165 165 165 164 177 185 181 176 155 137 
165 153 154 167 157 145 114 112 133 132 130 2 124 119 118 118 120 118 117 115 114 114 112 122 123 126 121 119 101 105 116 117 133 128 201 199 202 209 205 205 210 208 210 212 213 213 178 117 161 209 208 206 210 209 210 211 210 210 209 211 211 212 211 210 208 209 208 210 210 208 208 207 205 205 207 205 205 198 192 187 191 194 189 177 165 157 161 177 181 183 
149 163 161 145 123 112 113 119 131 131 1 121 120 113 121 121 117 119 115 117 123 125 127 124 124 123 123 115 105 118 142 194 203 201 204 204 195 208 207 210 209 208 212 212 199 105 178 213 209 209 209 211 210 212 211 210 209 210 211 211 211 211 210 202 183 175 165 158 159 154 149 146 152 152 163 179 191 192 199 200 198 199 188 183 128 191 175 156 157 169 
157 139 132 129 117 106 114 121 128 2 124 116 116 122 116 118 119 120 120 122 123 125 126 126 123 124 119 116 127 187 205 205 201 207 207 205 210 208 209 203 209 212 213 193 100 191 217 212 211 209 209 213 211 210 211 211 211 213 213 214 214 209 182 153 129 119 120 117 118 115 117 116 114 117 121 128 123 129 130 137 210 178 192 197 194 189 184 187 192 174 
131 128 128 117 117 116 117 122 127 122 118 117 112 119 122 129 124 120 123 120 130 128 127 0 123 123 128 132 209 206 207 205 207 208 209 210 210 212 193 208 213 217 215 103 105 224 215 214 211 213 214 212 214 212 213 212 212 214 215 214 214 198 133 120 116 117 117 135 130 122 114 113 118 113 122 73 126 132 120 120 117 121 127 133 145 173 188 195 191 185 
129 129 138 147 116 106 112 120 130 122 125 125 125 129 121 180 131 129 129 123 123 129 128 132 135 134 187 207 206 208 209 211 211 208 208 209 210 205 208 210 214 211 202 92 98 218 214 214 216 211 211 210 211 212 213 215 214 213 214 214 217 199 122 112 117 120 120 124 122 118 125 127 131 125 112 119 115 117 112 114 119 111 114 116 115 119 121 139 211 189 
162 160 164 144 153 149 148 149 142 131 127 122 129 131 129 128 130 132 88 123 128 129 135 135 135 185 202 202 201 201 205 202 201 201 199 199 198 200 200 203 200 204 198 93 97 214 210 210 202 204 202 201 209 203 204 202 202 205 207 208 209 208 150 120 118 116 119 122 117 118 119 118 118 106 121 127 118 104 111 113 113 114 118 118 116 104 104 104 112 120 
157 162 130 157 153 143 152 143 127 127 127 127 127 128 132 128 131 2 124 123 124 129 133 128 166 200 199 199 203 200 202 202 199 201 200 199 201 200 203 205 202 202 193 95 100 213 210 204 205 204 202 205 203 203 200 201 201 202 205 209 206 209 202 147 117 114 118 122 120 112 114 115 113 117 121 124 142 118 106 111 114 116 114 114 105 105 112 112 114 118 
152 163 155 150 137 117 74 95 124 122 125 129 129 135 130 88 0 124 125 122 130 129 133 145 203 199 200 200 202 203 202 202 201 200 200 202 202 202 202 202 201 203 193 96 97 216 208 203 202 204 208 209 209 205 203 203 202 209 206 208 209 203 203 200 136 122 126 124 114 113 115 114 118 118 119 123 117 111 118 149 117 116 115 105 105 105 103 106 113 120 
141 146 102 70 85 112 125 129 66 124 121 127 131 134 129 134 124 128 124 128 125 131 135 201 200 199 202 200 202 200 206 201 202 201 205 202 201 202 201 202 201 204 198 93 102 208 207 208 206 205 209 209 205 206 204 203 205 205 209 208 202 205 203 202 198 133 129 0 119 117 118 122 116 119 121 117 115 107 112 118 116 112 114 115 105 103 107 113 105 106 
74 84 113 125 127 117 106 112 124 125 124 125 127 125 125 135 131 135 4 124 124 221 201 203 202 201 199 200 203 202 204 205 204 202 203 201 202 203 204 206 211 207 155 91 107 214 209 210 205 207 207 208 207 209 206 208 205 204 203 209 209 208 209 204 202 157 123 132 128 129 130 119 123 118 123 123 121 119 120 115 117 113 118 117 117 111 107 103 105 114 
89 107 124 124 114 117 116 114 123 126 119 125 125 129 133 135 133 135 125 130 126 142 204 202 203 201 202 201 203 206 205 205 201 202 205 201 202 205 205 203 204 210 136 89 104 215 210 207 207 205 207 207 208 207 209 203 204 205 208 208 199 208 207 205 205 199 136 135 125 118 118 119 125 128 123 128 127 122 124 114 112 118 115 114 110 106 105 115 124 117 
104 117 114 115 119 120 119 109 121 120 122 121 123 128 131 130 133 129 132 129 133 183 205 201 201 201 201 201 204 203 205 193 202 202 202 209 208 206 209 202 205 205 169 93 102 214 208 208 205 206 209 206 210 192 204 203 208 208 209 208 208 206 205 209 205 209 170 144 122 124 118 117 121 129 127 146 129 125 124 124 120 119 119 113 112 107 111 116 116 123 
99 107 116 118 119 118 116 114 121 129 123 0 122 121 128 124 133 134 135 130 138 205 200 201 209 205 203 200 202 205 206 208 210 209 202 201 202 204 209 209 209 205 104 90 103 217 210 210 211 207 205 205 205 211 210 207 205 208 204 207 208 209 207 193 207 207 191 146 131 127 121 117 114 119 122 137 153 210 123 121 121 122 118 117 116 115 105 112 111 123 
100 105 115 113 120 117 118 116 121 125 123 122 121 121 249 130 130 137 131 133 174 200 201 203 203 200 201 203 202 206 209 208 208 204 205 203 202 209 207 209 195 208 101 88 97 215 213 210 207 205 205 205 210 211 209 204 206 207 205 210 207 209 207 207 207 207 209 151 130 127 123 120 116 115 128 123 135 133 130 123 121 123 123 118 118 102 104 111 125 121 
97 105 103 118 121 117 120 116 125 121 120 122 121 122 131 132 136 133 129 132 203 203 203 205 205 204 202 202 210 205 211 209 204 205 204 204 209 206 207 208 208 204 98 93 95 215 211 209 208 208 209 209 210 207 205 207 208 205 209 209 209 210 207 210 209 210 211 191 129 123 117 122 118 120 124 124 118 118 118 121 125 120 117 123 212 106 107 100 114 117 
97 96 105 116 117 120 122 113 123 121 119 121 124 123 129 132 126 133 128 145 207 205 203 200 202 202 201 206 206 209 208 203 205 202 205 210 205 206 203 205 207 208 150 92 93 218 210 210 207 208 210 209 210 209 208 204 209 208 208 205 194 207 207 208 209 210 209 206 144 122 121 120 125 122 128 121 118 118 116 118 118 125 124 117 116 115 117 113 117 118 
93 104 113 117 117 119 115 111 127 121 124 117 119 121 127 130 136 136 141 189 200 201 202 205 203 202 201 204 202 202 209 207 209 208 204 205 209 208 208 208 210 208 96 86 64 217 211 213 210 208 209 208 209 212 208 208 207 208 206 207 209 209 210 209 211 208 207 210 175 124 125 124 120 120 129 127 129 124 113 116 113 114 120 121 120 117 115 113 112 121 
94 101 115 107 117 118 116 114 121 122 117 216 122 124 129 130 131 141 137 201 202 202 205 205 201 201 202 202 204 210 209 210 210 204 205 201 206 210 210 208 208 205 94 86 98 217 211 210 210 208 208 209 209 210 209 208 208 205 208 210 209 209 207 207 208 209 209 210 203 128 123 123 123 122 129 125 131 122 119 115 117 122 117 116 113 119 117 114 124 116 
91 100 101 111 114 116 118 106 121 120 117 121 120 130 128 129 133 132 157 196 201 203 206 205 203 202 200 201 209 206 205 208 204 205 205 209 210 209 209 204 208 207 91 93 95 217 210 209 208 208 210 208 208 211 208 208 208 218 209 209 210 207 208 209 209 211 209 209 194 171 121 121 119 124 124 127 124 120 118 120 121 119 120 105 105 113 116 125 119 118 
87 92 101 112 112 119 118 114 107 117 120 119 126 129 130 0 127 131 194 198 198 218 202 202 203 203 201 206 209 209 205 207 205 205 208 209 210 208 207 205 205 207 117 88 93 201 210 210 210 211 210 209 211 209 210 209 210 210 209 210 209 209 209 210 211 211 210 195 205 201 129 131 125 125 124 121 127 120 112 124 121 122 115 112 113 112 117 122 133 112 
85 97 109 122 117 118 113 97 119 123 125 122 122 122 123 128 135 197 194 198 198 200 205 205 206 210 203 203 202 207 208 209 208 192 208 207 205 210 210 210 210 207 87 86 95 217 212 212 209 209 207 209 211 211 211 211 209 211 209 210 212 213 210 210 209 210 210 210 209 208 189 136 122 124 131 122 129 124 117 117 116 119 120 118 121 114 112 115 115 127 
89 98 114 112 114 116 115 115 123 122 119 120 122 124 128 132 166 202 196 199 198 200 209 206 206 205 204 203 208 209 209 210 193 206 205 207 210 210 208 210 209 205 88 83 93 210 212 211 210 209 209 210 213 212 211 210 210 210 210 211 212 213 210 210 211 211 210 210 209 192 204 170 133 124 132 132 1 118 120 121 116 120 121 117 106 117 118 119 121 127 
87 101 106 71 115 122 119 116 119 121 123 123 122 129 129 148 204 201 199 198 199 201 202 208 204 202 205 203 209 209 209 211 205 204 208 210 210 209 209 208 209 202 89 89 93 194 210 210 209 210 212 211 211 212 209 210 209 210 212 212 213 211 213 212 210 213 211 210 210 209 208 207 168 132 144 197 193 134 121 120 117 119 121 114 117 118 113 121 121 128 
94 97 105 103 114 123 120 120 126 119 120 124 127 129 136 213 203 202 202 200 201 203 203 201 205 202 203 205 209 209 210 207 208 209 210 209 211 210 206 210 210 89 88 90 95 192 213 213 211 213 212 211 210 213 210 210 210 214 214 212 213 213 212 211 213 213 213 210 209 210 208 208 209 144 132 166 198 176 124 121 123 122 112 114 113 113 119 123 121 129 
95 105 115 119 118 116 107 105 115 126 124 121 121 124 202 203 205 204 204 199 199 200 200 202 210 209 207 205 205 208 209 209 210 210 207 209 210 212 208 213 213 201 90 81 89 202 213 214 213 212 212 213 213 213 215 213 211 212 211 214 214 213 213 212 213 210 211 211 213 212 210 208 209 201 141 135 138 130 122 121 117 122 124 120 122 119 115 120 119 129 
100 116 119 117 118 116 116 116 120 124 120 115 119 179 205 203 201 205 203 202 203 200 205 203 210 208 202 207 208 210 210 210 210 209 209 209 208 211 211 211 210 202 86 82 89 197 212 215 212 213 213 213 214 213 213 214 213 213 98 215 215 215 215 212 213 212 211 212 211 212 210 211 210 210 205 147 138 134 127 121 116 122 121 123 124 135 186 150 130 129 
113 114 112 113 116 114 120 119 122 123 120 129 184 199 200 201 205 205 202 204 204 203 202 203 210 204 206 207 209 208 209 210 207 209 209 210 212 213 211 209 210 201 83 86 89 195 213 212 213 213 212 213 215 215 213 216 214 212 214 215 215 208 213 214 211 213 213 213 212 213 211 213 209 211 211 186 145 144 130 132 128 127 133 125 120 123 157 178 150 133 
106 112 116 115 117 120 121 121 137 120 123 192 196 199 199 201 205 204 202 202 209 209 205 204 203 205 207 210 210 210 211 209 210 209 211 211 211 211 213 212 212 198 89 87 89 188 211 214 213 212 215 215 214 213 213 216 213 216 215 216 208 213 213 212 216 104 214 214 211 212 212 212 213 214 211 212 205 198 146 127 129 127 132 127 121 115 120 130 125 136 
104 116 117 121 127 115 118 116 138 147 191 197 198 199 201 200 206 205 205 205 204 202 204 206 206 209 209 208 207 210 208 210 211 212 209 213 211 212 213 213 213 182 85 82 86 133 214 216 216 213 214 213 216 214 217 216 213 214 214 212 215 214 214 214 211 212 213 216 213 214 213 212 213 207 209 210 209 199 194 130 125 123 122 125 129 0 125 124 122 136 
114 118 121 127 116 121 121 130 141 194 196 197 195 198 200 206 205 209 202 203 205 207 209 202 210 209 207 208 210 207 209 210 212 211 212 211 213 212 213 214 213 195 86 83 90 133 215 217 213 216 214 215 217 215 216 216 213 215 214 216 215 215 216 214 213 214 214 215 214 213 213 214 213 213 209 210 210 208 200 191 135 130 130 129 124 122 125 124 128 141 
179 193 192 193 197 196 197 197 195 194 192 197 198 201 205 208 209 206 202 204 204 207 207 205 209 205 205 209 208 208 209 211 211 210 212 213 215 215 213 213 213 200 85 85 88 123 220 213 214 217 213 217 217 216 217 216 215 215 217 216 216 217 213 213 214 214 216 216 216 208 214 214 213 216 216 209 212 207 203 201 201 203 200 198 194 196 197 194 192 186 
187 194 192 193 196 197 197 194 193 198 194 198 202 204 208 205 205 204 207 206 209 208 210 208 208 202 203 207 209 211 212 212 211 211 210 213 214 215 214 213 213 199 85 86 86 106 219 215 217 214 218 217 217 218 216 217 216 216 217 217 215 214 214 215 213 217 216 214 217 216 215 215 208 217 217 217 209 207 207 202 201 203 205 192 198 198 197 198 198 198 
192 194 193 193 196 196 196 195 197 194 197 201 202 206 205 206 206 208 205 209 207 209 211 208 205 205 204 205 213 212 211 212 211 212 213 214 214 214 215 214 215 199 91 87 85 97 218 218 218 217 217 218 217 217 216 218 215 217 217 218 217 215 217 217 223 217 216 216 215 216 215 216 217 216 215 215 215 212 209 209 210 198 203 199 199 199 200 201 200 198 
189 192 193 194 193 195 194 196 198 195 199 201 205 206 206 209 203 205 203 207 212 208 212 208 209 207 208 211 212 213 212 212 211 213 214 215 215 215 214 213 215 197 90 84 87 88 219 217 217 218 218 218 218 217 216 217 216 218 217 216 217 216 215 214 217 217 218 209 216 216 216 217 220 217 218 217 215 213 211 209 210 205 202 201 202 201 203 202 201 199 
188 195 197 193 189 194 193 194 198 202 202 201 202 204 202 206 208 207 211 207 207 205 208 209 210 211 207 205 209 211 213 213 214 214 212 215 215 216 216 218 216 196 83 80 82 89 205 218 219 217 217 217 217 219 218 218 217 216 217 218 219 219 218 216 216 217 217 218 217 218 218 218 218 217 218 217 216 216 214 210 204 203 206 201 203 203 204 200 198 200 
189 193 191 186 193 194 194 199 199 202 202 201 202 201 203 209 209 208 207 208 207 208 211 210 210 209 207 210 209 209 214 215 213 213 214 214 214 218 216 216 217 200 90 86 87 91 206 218 218 218 218 218 219 218 219 218 217 217 217 218 219 218 217 217 218 217 218 219 218 218 218 217 218 217 218 218 216 213 214 213 209 208 206 206 200 200 199 201 200 198 
190 188 188 191 193 192 192 198 201 203 201 202 201 202 206 209 209 208 205 205 208 209 210 210 211 209 206 208 209 210 213 215 215 213 214 212 216 217 217 217 214 197 82 83 85 88 210 217 217 219 217 220 218 218 219 217 218 217 218 218 219 218 216 216 218 218 219 220 219 216 217 218 218 219 218 217 217 215 213 214 212 210 208 206 201 199 199 197 201 197 
182 184 185 190 189 191 195 202 202 193 199 201 202 209 209 206 210 208 207 208 209 210 211 210 209 209 210 208 210 210 214 213 214 213 214 214 217 218 217 217 215 164 83 89 87 88 208 217 219 219 220 220 218 220 219 218 218 217 219 218 218 218 216 218 217 219 219 218 221 218 218 218 219 219 219 218 216 216 215 213 213 215 210 210 201 202 201 202 201 197 
186 176 183 187 191 193 200 202 201 199 201 202 202 209 205 206 202 208 209 209 209 212 210 210 207 211 211 209 210 210 212 212 211 214 214 75 217 217 218 217 217 102 89 87 87 88 159 217 217 219 222 221 219 218 218 218 217 220 220 219 219 218 217 218 221 219 219 220 218 218 217 219 221 219 217 218 216 218 215 218 216 214 213 210 201 201 200 200 197 194 
181 182 185 185 188 197 198 200 199 198 200 201 206 205 206 210 206 205 207 209 208 211 212 209 211 211 210 213 211 210 210 211 213 215 216 216 217 217 218 218 213 221 87 87 88 84 165 218 219 219 220 221 221 219 220 218 220 219 221 220 217 217 217 218 220 219 220 216 219 219 218 222 220 219 219 219 217 216 218 216 216 216 212 212 205 203 202 202 198 191 
184 185 186 188 189 196 197 202 201 201 203 202 202 203 202 208 209 209 208 208 209 210 211 211 212 213 212 211 209 208 212 213 215 214 214 216 219 219 217 219 214 89 74 77 88 89 212 220 219 219 220 219 220 218 221 219 218 220 218 220 219 220 219 219 221 219 216 220 220 221 219 219 221 219 220 218 220 218 215 214 213 214 214 214 210 202 199 200 197 186 
187 186 185 184 189 194 195 200 201 205 202 200 203 205 210 210 205 208 208 209 208 209 211 211 213 210 211 213 212 212 212 214 209 214 216 216 217 218 218 219 209 84 73 70 87 86 198 218 220 220 220 221 220 220 221 219 217 218 219 219 221 220 217 219 219 219 222 221 221 218 220 221 219 221 220 219 217 216 216 213 219 214 214 214 209 205 200 199 197 180 
187 189 184 187 187 191 197 201 201 194 200 200 201 205 208 209 207 205 208 207 208 212 209 211 211 211 212 213 212 212 212 212 215 214 216 218 217 219 216 218 212 84 74 71 84 87 72 220 220 223 221 221 221 221 220 221 219 217 220 221 219 219 218 219 219 221 221 220 221 218 219 220 219 221 221 219 219 217 215 215 215 215 213 212 211 208 203 202 197 175 
181 184 186 186 186 193 197 200 199 199 201 200 206 205 210 208 205 207 209 206 209 211 213 211 212 211 211 214 215 212 213 211 213 214 219 218 217 218 217 216 210 84 83 74 85 86 130 218 221 219 220 221 221 220 220 221 219 220 219 220 220 218 219 218 218 220 221 219 218 221 219 223 220 219 221 219 218 216 216 218 217 215 215 210 209 208 205 201 195 165 
176 189 192 191 188 191 193 196 201 202 204 200 205 202 207 206 208 209 210 208 211 211 211 212 213 214 212 211 215 211 213 212 213 217 217 216 216 216 219 218 202 84 82 68 79 86 212 221 219 219 220 220 219 219 220 218 218 220 219 220 220 221 221 218 219 219 218 217 222 223 220 210 255 224 223 222 220 219 218 217 218 215 216 212 211 210 206 195 188 154 
169 188 190 192 189 194 196 200 204 202 201 205 206 210 209 210 207 209 210 209 213 212 214 213 211 212 213 216 217 216 213 214 212 213 218 219 220 220 217 216 201 82 86 76 86 87 151 219 220 253 222 222 223 220 220 220 220 221 220 220 220 221 219 220 222 222 222 222 220 222 222 220 223 222 219 221 219 217 216 219 216 214 214 212 210 210 208 208 190 142 
147 184 193 195 134 194 194 196 202 203 206 206 202 202 205 206 209 211 211 211 208 212 210 214 213 213 214 214 214 216 215 212 212 216 217 218 218 219 219 218 164 81 80 71 80 85 214 222 222 222 220 219 219 220 220 221 220 219 220 219 221 222 221 221 219 221 220 223 221 222 224 221 219 220 220 222 221 220 218 216 214 213 213 212 211 211 204 201 176 177 
138 176 195 192 191 191 190 196 201 202 204 203 202 202 206 210 209 210 209 210 210 211 212 214 215 214 214 214 214 208 213 212 213 210 216 216 217 218 220 215 142 82 83 74 82 85 213 220 222 221 220 219 220 221 220 219 218 219 219 222 222 220 222 221 220 222 222 224 223 222 222 221 222 220 222 220 221 218 217 218 214 213 215 213 211 208 205 197 191 117 
121 164 192 192 193 191 192 196 200 202 201 202 202 203 210 210 210 210 205 208 208 211 214 212 213 211 213 214 213 215 215 213 214 211 214 214 217 218 218 216 168 80 81 83 84 82 214 219 220 220 220 220 221 221 216 219 219 219 219 220 220 221 219 221 220 221 222 223 222 221 221 222 221 224 222 222 221 218 215 216 217 214 213 213 209 206 203 192 157 102 
86 91 96 127 152 174 188 191 195 196 197 200 203 206 207 210 208 205 207 208 212 212 213 211 210 212 210 212 214 216 214 213 210 211 212 214 218 215 216 214 131 76 79 82 83 83 139 218 217 218 222 219 220 216 219 217 218 220 221 219 221 220 218 220 219 223 221 224 220 221 220 210 224 220 221 220 218 217 215 217 213 212 209 208 203 199 191 175 129 90 
85 88 74 64 66 75 83 87 80 81 85 113 128 154 175 186 191 196 200 205 209 210 210 208 210 211 210 212 214 212 214 212 209 210 212 213 216 217 216 216 101 78 77 82 75 74 139 216 218 219 220 218 219 218 218 218 218 219 221 219 219 219 218 218 220 220 220 222 218 219 218 219 217 215 211 205 198 188 175 156 137 122 105 100 96 91 95 93 91 85 
78 90 81 68 64 65 73 75 84 82 73 65 66 66 67 71 74 75 74 73 73 84 95 113 123 140 142 153 162 168 179 182 186 186 187 182 186 189 190 176 85 73 70 72 67 81 182 188 184 190 193 194 195 190 190 184 179 179 175 177 166 155 146 130 120 112 103 105 104 100 81 96 90 97 95 97 92 94 83 83 80 83 87 84 84 82 83 84 81 83 
76 88 84 70 60 62 70 85 83 82 72 64 64 67 70 68 73 72 69 73 68 67 78 78 74 72 71 74 73 83 81 75 83 83 87 89 90 82 83 78 73 71 71 71 75 81 81 66 74 73 73 75 77 78 78 75 74 74 75 82 84 82 78 80 82 84 86 87 90 88 88 84 90 92 92 90 90 82 83 81 82 85 83 82 82 77 82 83 82 78 
82 91 89 77 67 64 67 74 82 83 73 69 66 68 70 72 70 67 68 70 69 78 78 78 71 69 74 73 75 77 75 75 74 82 83 91 91 85 75 71 72 72 72 74 74 76 76 75 70 71 76 75 75 78 75 72 72 79 84 82 83 74 82 82 83 89 88 91 89 86 87 89 89 88 90 88 83 78 80 81 82 83 84 83 79 81 82 85 82 78 
85 115 152 171 175 166 128 104 80 82 80 73 66 71 70 71 68 67 67 70 73 74 74 64 72 72 70 75 76 78 79 74 73 74 82 88 91 91 75 72 72 73 76 76 75 75 70 74 71 72 73 78 78 72 74 75 75 81 75 83 82 73 77 80 86 86 86 87 86 87 87 88 90 91 91 81 83 82 82 85 86 83 88 86 93 100 101 91 76 75 
