40 42 41 49 46 41 40 40 48 50 48 50 55 60 66 64 67 73 81 78 71 67 74 72 68 68 72 82 81 77 77 80 99 99 96 100 98 104 102 100 101 103 104 105 99 101 106 105 105 102 100 104 105 104 100 100 103 106 99 100 96 104 101 96 96 82 97 97 94 91 93 93 90 84 85 87 88 80 81 68 73 73 68 65 60 62 59 54 51 53 
41 42 48 49 43 42 48 50 51 52 56 66 69 73 67 65 72 71 70 66 69 73 78 72 74 77 83 82 83 80 80 99 102 97 103 105 103 105 98 98 102 106 106 96 100 103 109 99 100 101 106 104 99 102 101 106 102 98 99 100 104 102 97 95 100 102 99 92 94 98 95 92 87 90 88 89 83 82 68 70 66 63 62 58 70 65 59 56 51 55 
43 48 51 49 48 48 53 57 60 61 69 78 73 63 62 64 72 77 70 70 74 83 82 74 79 83 87 86 83 83 86 98 106 101 101 112 104 112 104 102 107 112 102 105 105 113 109 103 103 103 107 105 102 102 107 110 107 100 100 105 102 104 97 99 101 101 96 94 97 99 95 90 89 89 94 91 84 82 71 74 71 65 65 65 58 64 59 61 63 63 
42 50 51 51 52 54 64 67 68 65 67 70 74 64 64 67 75 76 74 73 65 84 83 82 80 87 87 87 84 85 92 104 99 100 101 112 107 103 104 109 112 106 102 106 104 112 113 101 104 110 112 107 101 104 104 111 106 101 100 106 109 96 100 101 100 101 96 94 92 100 98 93 90 91 92 91 91 85 78 74 73 68 66 66 64 61 60 55 58 64 
44 52 58 56 57 64 67 69 65 64 66 72 74 70 67 78 78 75 77 78 83 88 86 83 83 91 89 86 89 87 94 100 102 100 104 107 106 102 104 112 112 113 104 107 112 112 114 105 111 113 111 102 101 102 112 114 102 104 101 104 112 99 101 97 104 100 97 97 99 99 99 98 93 93 94 94 87 86 82 78 64 72 71 69 68 60 59 60 62 55 
54 58 60 60 57 65 66 69 68 68 71 74 78 71 72 82 82 80 80 83 88 90 86 83 84 91 92 89 88 90 94 106 101 110 107 113 112 102 113 113 113 112 110 105 113 109 104 111 109 112 112 105 105 102 113 112 105 105 103 106 104 104 100 98 106 104 98 101 102 100 100 89 92 93 95 123 87 91 95 127 125 122 117 116 104 87 73 68 65 61 
60 58 59 60 58 66 67 80 70 71 80 82 78 77 73 86 86 79 85 85 90 90 86 91 84 96 95 91 90 67 97 105 104 111 114 115 116 111 105 112 112 111 111 105 112 113 111 110 110 112 113 105 105 112 109 110 104 101 110 113 105 102 96 107 106 97 102 102 103 103 97 95 94 97 96 96 91 86 138 139 132 128 126 121 124 115 113 111 102 85 
58 63 61 60 60 69 77 68 72 72 85 82 82 78 79 87 91 84 85 81 94 96 100 112 123 133 140 139 147 154 161 161 166 166 164 167 165 162 157 152 155 138 128 113 115 115 112 110 116 114 114 109 109 112 111 113 105 103 112 113 101 104 104 107 107 97 98 100 105 106 98 99 96 103 102 95 91 91 144 141 134 131 131 130 122 121 114 117 114 102 
60 66 61 65 63 77 80 70 77 79 85 85 82 83 86 91 93 100 116 136 148 157 156 161 166 166 163 163 167 168 171 170 174 174 177 177 175 176 176 179 178 178 177 178 177 164 144 131 116 116 125 105 111 118 113 112 104 110 113 115 107 104 98 110 106 102 104 96 102 105 99 99 103 101 101 96 91 95 119 157 136 139 137 129 126 123 120 120 83 76 
62 65 72 71 72 71 71 82 81 80 82 83 94 104 118 134 148 157 157 154 157 132 165 163 164 162 165 167 168 163 169 176 179 175 177 177 180 180 179 180 180 182 182 180 179 183 182 183 169 158 146 130 111 113 112 112 114 115 105 106 113 112 102 100 104 112 113 97 102 102 104 104 99 98 103 102 99 92 86 117 144 145 137 133 133 132 124 112 52 116 
64 67 74 74 69 75 77 83 84 89 101 0 148 153 150 155 163 162 165 156 160 164 166 166 163 164 171 170 167 169 170 178 180 178 177 177 179 180 178 181 182 183 183 181 180 184 184 186 183 180 186 184 164 163 126 116 116 111 110 110 112 114 110 99 104 112 110 105 102 107 105 106 101 99 101 100 99 96 85 91 118 141 138 137 138 136 129 128 87 115 
66 69 77 78 71 79 87 100 127 143 146 155 160 158 156 154 164 165 160 162 161 165 167 165 163 169 172 173 170 170 170 179 180 178 178 182 183 184 181 181 185 185 185 181 184 187 187 183 184 183 185 186 182 183 181 175 143 116 114 97 116 115 106 104 105 110 114 104 106 112 107 105 101 99 103 102 96 97 87 90 94 118 135 138 144 141 131 130 124 82 
71 75 82 83 84 108 138 153 156 150 152 157 160 155 156 157 148 127 106 98 101 99 98 86 87 65 107 128 139 157 177 178 182 180 180 183 184 181 181 181 186 185 184 182 184 189 187 186 186 185 187 188 184 185 187 185 187 178 139 120 116 116 110 110 111 113 105 112 110 112 110 100 96 102 101 103 98 93 88 93 91 88 113 137 134 131 130 131 136 131 
71 81 90 118 137 143 155 154 152 153 150 137 117 100 110 122 141 146 156 156 165 168 167 165 162 161 143 120 90 67 74 98 144 174 180 184 186 181 184 185 188 186 186 185 185 189 189 187 187 189 189 187 187 186 189 188 186 184 184 180 154 114 106 111 113 112 104 109 109 104 106 103 99 104 106 98 101 95 93 92 96 84 91 112 149 144 141 130 129 125 
88 124 139 141 145 148 153 146 119 112 66 146 155 164 158 167 168 169 166 169 177 173 163 174 175 178 176 177 175 174 155 116 67 72 98 170 185 182 185 188 185 189 186 187 190 190 190 185 187 189 190 188 187 186 189 189 186 186 187 187 186 176 125 107 116 113 105 102 112 114 112 104 103 105 106 101 94 95 94 93 88 86 83 95 104 143 145 147 147 138 
134 147 148 145 141 114 120 136 147 155 165 168 167 170 166 171 175 169 171 176 176 176 175 178 178 180 180 180 179 179 185 186 177 137 68 68 91 157 183 188 188 187 186 186 189 189 188 186 188 190 187 188 187 186 190 188 186 187 184 184 186 182 176 132 121 112 106 104 103 107 104 100 101 105 106 98 99 95 94 92 83 87 81 88 90 94 135 150 151 146 
146 146 134 114 126 148 158 162 161 164 168 170 168 168 167 173 178 174 176 176 180 180 176 178 181 181 183 178 181 185 185 186 186 185 179 124 65 60 93 186 188 184 188 189 190 189 188 189 187 192 191 187 188 191 189 191 189 187 191 190 189 187 184 187 155 116 112 112 112 107 99 101 102 109 106 98 99 98 93 93 88 88 91 88 90 86 94 133 150 149 
124 123 138 144 152 164 165 162 164 163 172 170 169 170 170 176 178 177 177 178 180 180 177 178 180 181 184 181 181 184 185 184 187 187 188 187 155 69 64 82 181 187 191 128 194 193 190 193 192 191 192 189 190 192 194 133 190 190 192 191 188 188 186 191 191 184 162 120 116 115 104 106 103 112 107 104 99 101 99 95 88 91 90 88 89 84 84 98 115 141 
123 139 156 157 164 157 163 166 166 170 167 169 177 177 173 176 174 180 178 178 178 175 178 184 183 184 185 187 188 187 186 187 191 192 189 190 190 187 77 61 60 155 193 191 192 189 193 193 188 189 192 192 193 189 190 193 193 194 191 192 192 192 192 190 189 189 190 176 126 111 110 114 104 104 102 106 109 98 93 64 97 94 85 86 90 88 85 83 84 102 
128 148 158 164 175 162 164 169 169 170 168 170 178 176 176 176 176 182 181 181 183 185 187 186 183 185 190 187 189 184 186 191 192 188 190 189 195 192 179 73 59 64 144 190 191 191 195 194 193 193 193 194 192 192 192 194 194 173 192 191 194 194 190 190 188 187 189 186 184 149 116 110 104 105 106 112 110 97 95 97 96 93 89 86 89 88 80 84 81 89 
123 141 162 164 163 163 168 176 178 175 174 177 178 182 179 181 184 184 186 185 184 186 187 187 187 188 189 190 188 187 186 192 192 195 190 194 194 193 191 181 68 60 66 175 190 195 195 197 194 194 196 196 192 192 194 195 197 193 193 193 195 194 189 189 191 192 191 188 187 186 155 116 104 105 113 112 107 99 94 96 96 91 87 90 92 89 78 84 86 87 
118 137 158 168 163 162 130 155 156 155 157 175 182 181 181 181 184 186 184 183 185 190 189 189 188 187 190 191 187 189 191 193 194 192 192 195 195 195 193 192 124 62 64 62 195 196 196 195 193 192 196 199 195 192 194 195 196 192 194 195 195 196 190 193 193 193 189 191 188 190 186 162 110 105 113 112 101 100 97 100 98 92 89 87 92 91 85 86 84 87 
113 131 141 128 121 117 118 120 122 116 115 118 133 168 183 182 183 187 187 187 187 191 191 191 188 188 193 190 193 187 189 193 197 192 194 193 195 195 196 192 186 69 63 58 130 192 196 196 194 194 196 195 196 191 192 198 196 196 194 193 195 196 193 193 192 192 189 188 188 187 189 185 158 103 114 110 113 100 96 99 99 97 92 90 97 92 88 86 85 87 
94 97 112 113 104 104 101 105 105 100 104 104 117 116 148 183 189 187 189 186 188 192 190 192 189 191 194 193 190 192 191 194 197 194 194 194 196 198 195 196 198 146 64 56 61 200 195 197 195 193 197 198 192 195 194 196 196 194 196 193 197 195 191 193 192 194 188 189 187 192 189 188 181 156 103 113 110 98 97 101 99 127 92 93 94 96 90 85 86 89 
77 82 97 100 98 98 96 106 103 103 99 106 106 113 114 176 189 189 188 187 187 191 194 192 189 192 194 195 193 191 192 195 195 193 195 197 196 197 196 196 196 188 63 59 57 156 196 194 198 198 199 198 196 195 195 199 198 195 195 198 198 197 193 194 195 193 194 189 188 194 190 187 185 184 150 107 97 95 98 101 100 95 90 89 97 94 90 86 82 90 
69 85 96 100 96 98 102 104 104 104 104 109 107 112 104 152 190 193 189 192 188 191 196 193 193 192 195 194 194 192 193 196 196 195 194 197 197 197 196 196 198 195 63 56 58 88 199 195 198 198 199 199 196 195 192 197 198 197 197 197 198 198 195 194 195 195 193 191 192 193 190 186 186 182 184 152 100 100 96 101 98 92 92 92 93 94 87 90 93 90 
69 83 94 101 95 98 102 104 103 102 99 113 112 103 112 139 193 193 192 192 194 195 196 195 194 197 196 197 194 194 195 198 194 196 195 197 198 198 198 195 197 198 76 59 56 65 204 197 200 201 201 198 198 197 200 198 198 198 197 198 197 196 195 193 198 197 193 193 191 193 193 188 187 184 185 182 114 100 101 104 104 95 90 96 94 90 88 88 91 92 
66 83 94 97 96 96 105 105 102 103 102 108 104 110 107 179 193 193 191 192 197 195 197 193 195 196 196 195 196 196 199 198 195 195 196 199 198 196 198 197 201 199 100 56 59 63 185 198 201 202 199 198 198 196 199 199 197 198 197 199 198 196 194 196 198 197 194 193 195 193 194 189 189 187 187 181 121 96 100 99 111 94 94 97 96 88 91 89 91 94 
67 85 93 96 95 98 106 105 102 103 110 112 114 105 111 191 193 189 192 194 196 197 193 195 194 198 198 196 195 197 198 199 195 197 198 198 198 195 197 200 201 200 139 59 60 61 134 196 200 201 199 194 195 195 199 198 193 193 193 197 197 192 187 187 187 184 182 181 185 182 190 174 168 165 161 145 138 126 100 102 97 94 88 97 96 93 91 94 91 90 
74 84 92 96 97 102 105 104 96 104 112 112 112 113 115 193 196 193 194 194 196 197 196 196 196 199 198 196 197 198 197 197 190 193 194 195 191 188 188 192 192 184 118 56 58 58 92 177 179 183 185 182 184 177 188 187 182 182 184 185 186 183 181 177 177 174 173 169 175 170 166 165 163 165 165 156 157 154 111 103 98 98 99 97 96 93 89 94 95 92 
73 84 85 97 98 104 105 97 100 104 109 114 106 111 139 192 195 192 191 190 188 189 186 187 186 185 184 178 178 180 178 176 182 186 188 189 187 187 187 190 188 186 118 55 60 59 169 185 189 188 189 185 183 188 186 188 186 185 184 186 185 186 185 176 176 175 174 174 174 173 168 168 160 170 165 159 155 158 151 103 100 97 103 99 97 90 93 97 98 91 
66 75 93 101 105 96 98 102 105 105 104 105 115 114 129 170 167 176 176 169 174 169 178 171 176 172 175 176 177 176 178 178 190 187 185 188 188 190 188 187 190 189 148 55 53 56 121 192 189 188 186 191 192 186 188 189 189 189 187 187 191 189 191 188 176 180 181 177 174 172 175 173 167 167 164 165 165 160 160 144 103 102 98 97 100 96 97 90 92 97 
68 79 94 102 96 97 96 104 105 103 106 105 115 128 169 169 160 171 172 170 174 178 177 178 176 178 179 180 182 179 179 178 189 185 186 187 191 190 190 191 189 192 148 54 54 48 113 189 188 189 193 192 192 191 189 191 192 186 190 188 193 193 189 188 181 181 181 176 175 177 181 176 174 170 175 176 177 175 172 171 158 101 99 92 101 101 71 98 92 93 
72 81 98 105 102 100 102 105 113 105 111 104 119 160 166 168 176 177 176 174 175 176 179 166 178 181 183 184 181 181 179 185 188 188 190 192 193 192 193 193 195 193 151 58 54 55 114 196 194 196 198 197 194 197 199 200 201 198 200 200 201 203 198 201 196 197 198 195 195 197 197 196 195 192 195 192 193 186 186 185 181 240 101 98 102 97 97 95 94 96 
75 83 97 105 100 101 112 112 115 110 105 116 154 171 165 170 177 178 177 177 177 179 181 179 181 184 191 191 191 191 192 198 198 198 197 202 205 204 202 202 206 205 168 54 53 58 96 200 202 204 209 206 202 202 202 204 205 201 200 203 203 203 201 201 203 202 202 198 195 199 196 193 193 192 195 194 189 189 186 184 183 164 99 99 103 96 93 94 64 96 
73 96 102 104 100 99 105 116 112 110 106 141 181 181 185 187 192 193 195 196 198 200 202 201 201 202 204 204 201 203 205 203 204 200 201 205 206 201 201 205 206 206 117 53 55 56 82 202 203 192 209 207 207 201 205 205 204 202 202 205 206 205 202 202 204 201 202 198 197 198 198 195 193 194 195 194 191 188 188 186 183 127 100 101 96 97 96 96 97 96 
83 96 100 101 103 102 113 113 112 106 113 188 197 194 195 197 199 202 198 198 201 202 202 199 198 202 204 202 201 202 205 205 200 201 201 205 209 201 202 205 209 203 106 54 54 56 64 205 204 207 204 209 204 205 205 206 205 201 204 203 205 201 201 200 205 205 201 199 198 199 199 196 194 196 195 194 191 189 191 188 187 176 155 102 104 111 94 92 99 94 
87 98 100 102 104 104 111 114 107 112 134 196 198 195 197 200 200 200 199 198 201 201 202 201 198 202 203 203 202 200 206 205 202 202 200 205 206 202 203 206 209 205 100 52 57 57 61 204 203 209 210 205 208 204 207 209 205 204 204 205 206 204 202 201 204 205 201 201 192 200 200 197 197 197 196 193 191 188 192 190 186 181 180 149 98 97 93 91 99 97 
86 96 100 103 103 106 104 111 106 117 193 198 198 198 197 200 200 202 200 199 202 202 201 201 201 202 203 200 201 201 206 202 200 201 203 208 209 204 205 205 208 208 102 53 57 57 63 207 204 209 206 205 203 208 208 206 204 204 204 206 206 202 202 206 205 205 201 201 201 202 196 197 195 198 197 193 192 191 188 188 185 185 179 180 138 99 96 65 97 96 
97 96 105 99 101 112 106 99 112 157 196 197 196 195 197 200 200 198 199 199 200 201 200 200 201 202 204 201 200 206 208 204 203 202 206 205 204 202 202 205 209 201 72 52 58 55 58 202 193 209 207 205 204 208 209 204 202 202 205 206 206 202 202 206 205 201 199 201 202 203 198 198 198 199 197 192 193 130 188 185 180 179 176 182 175 100 98 99 98 92 
94 104 104 100 101 106 105 105 124 181 197 198 195 195 198 200 201 198 200 201 202 202 199 202 203 203 203 202 202 205 205 202 202 202 206 208 202 203 202 208 209 202 73 48 57 55 56 211 209 208 209 204 205 205 208 208 205 205 205 205 204 204 204 206 205 201 202 202 202 202 198 198 192 197 198 195 192 193 191 190 187 186 186 181 177 151 100 101 99 92 
91 100 109 105 110 101 102 114 170 193 192 196 198 199 197 199 198 199 202 200 200 200 204 202 201 202 193 202 205 202 201 206 205 204 204 204 211 210 208 203 205 202 103 52 50 47 58 184 207 205 205 207 205 202 204 208 210 209 205 205 206 206 208 202 202 203 204 200 200 200 202 200 198 197 193 198 196 191 189 128 189 187 184 182 184 167 105 95 92 97 
93 102 112 107 104 103 105 139 191 193 197 195 200 199 199 199 201 201 201 200 200 204 202 204 202 200 205 208 205 204 201 205 206 204 204 208 213 214 208 204 204 205 89 53 50 55 58 181 207 205 205 208 205 205 205 206 209 203 206 205 209 206 205 205 205 206 205 200 202 201 202 201 196 196 197 197 195 191 192 192 190 188 184 181 182 168 112 91 93 96 
99 103 107 107 102 105 111 180 195 194 193 198 197 199 198 197 201 202 201 201 201 203 204 202 202 201 206 205 201 202 201 206 206 204 204 202 205 209 203 208 207 202 83 52 50 55 56 168 208 205 209 206 207 205 205 208 206 204 205 202 206 206 204 202 205 206 205 202 201 202 202 200 197 198 198 196 194 190 190 195 191 185 177 179 179 169 135 105 94 91 
102 101 112 112 104 104 16 189 195 194 194 198 199 199 198 198 200 201 200 200 201 209 203 202 202 202 204 206 204 204 202 205 203 203 202 209 208 205 205 204 208 202 60 51 50 56 57 171 205 207 209 206 207 207 208 207 209 207 207 204 206 210 201 204 206 205 206 202 200 203 203 201 197 196 198 199 194 193 191 194 193 188 185 180 182 179 163 145 99 93 
103 99 112 106 107 111 166 195 194 193 196 196 200 200 199 199 202 202 201 200 202 202 203 203 201 201 205 203 205 202 200 202 204 203 203 204 208 208 207 205 204 202 77 52 53 48 58 117 204 208 207 206 208 205 208 207 207 210 205 205 205 209 202 204 202 206 205 201 200 201 201 202 198 197 199 199 196 193 194 193 192 193 187 185 184 177 168 163 118 92 
92 98 111 109 105 130 187 195 195 193 195 197 200 199 199 198 202 201 202 202 200 203 204 204 202 202 209 205 202 201 202 209 208 205 206 205 208 208 205 205 193 204 74 51 51 53 55 97 202 205 209 210 193 204 207 210 208 205 205 208 208 209 208 204 201 206 206 200 202 203 202 202 198 198 200 199 197 194 192 193 193 188 188 184 183 176 157 157 136 86 
99 99 105 113 126 176 193 196 195 194 194 198 199 200 198 199 202 202 202 200 200 203 204 203 205 202 205 206 204 205 201 208 209 205 206 206 210 209 205 205 208 201 69 51 51 54 53 88 204 208 210 211 206 207 206 207 210 208 205 192 210 205 204 205 208 209 204 204 201 202 204 201 198 198 199 197 195 193 193 194 192 187 188 186 182 167 147 144 137 99 
98 103 106 137 146 185 194 195 195 195 196 199 201 199 199 198 203 202 201 200 202 204 203 202 202 208 205 208 203 205 208 206 208 204 205 208 210 208 208 207 209 202 58 51 52 54 53 120 203 205 210 208 207 207 208 208 207 204 205 205 208 208 204 205 206 206 201 202 200 204 203 200 199 197 201 197 196 194 193 194 192 187 189 188 181 165 136 135 133 110 
97 103 111 122 170 190 192 196 194 196 196 200 201 200 198 198 202 202 202 201 203 205 204 202 203 206 205 206 201 205 208 208 205 204 205 207 208 207 207 208 209 203 55 51 54 54 54 100 206 211 210 208 208 205 209 207 208 206 205 208 208 205 203 203 204 205 202 201 201 202 200 196 192 177 195 199 195 194 197 196 193 187 187 188 179 162 133 119 120 102 
92 104 110 136 186 189 195 195 193 196 197 199 200 197 198 201 201 201 200 198 200 205 204 201 203 205 205 200 202 202 206 208 202 205 203 206 208 205 210 210 208 201 58 52 54 55 54 73 208 210 209 208 208 207 208 208 204 202 204 206 203 197 196 192 180 177 135 100 100 84 78 59 55 61 198 200 198 193 196 195 190 188 187 189 179 153 132 116 107 93 
94 106 114 176 186 192 193 196 195 195 199 198 200 197 199 201 200 196 196 194 199 199 198 199 200 202 202 200 201 201 204 205 201 201 205 208 209 205 207 211 208 202 56 47 52 53 49 58 209 210 210 208 207 205 191 136 119 105 80 88 76 59 56 56 57 58 48 51 54 54 48 50 49 53 120 194 194 193 195 195 189 188 189 187 179 160 141 122 105 91 
66 107 148 184 189 193 194 195 194 194 198 198 200 198 197 200 138 80 75 72 90 97 93 93 86 101 102 100 94 100 100 102 102 109 119 199 204 207 208 209 210 197 58 47 51 54 49 56 207 209 208 207 205 204 165 59 50 50 55 55 54 49 49 54 55 49 49 49 55 53 49 48 48 53 60 197 195 193 194 194 191 188 190 188 183 164 152 130 105 87 
99 117 175 185 189 193 195 193 195 194 197 198 197 198 197 189 69 54 52 48 54 56 50 51 55 53 54 49 49 54 54 49 49 50 57 186 201 209 205 209 209 196 56 50 52 52 47 56 208 210 208 205 208 210 184 56 50 48 54 54 48 49 49 52 53 48 50 50 52 52 49 48 50 52 56 189 193 196 195 194 191 189 191 189 185 172 157 141 114 82 
84 124 179 188 194 192 191 195 196 197 196 196 199 198 192 175 57 56 55 50 51 48 55 54 49 48 53 53 54 49 48 52 53 55 51 177 209 209 205 206 208 199 59 47 48 47 52 59 208 205 207 207 207 205 198 63 53 54 48 47 53 57 54 50 49 53 54 48 49 50 54 54 50 51 50 92 196 193 193 131 194 192 189 188 187 181 176 151 118 92 
81 139 176 187 184 192 190 195 199 193 195 195 200 199 195 113 53 57 58 50 50 56 54 54 47 49 53 53 51 48 50 54 53 51 52 198 210 209 208 207 202 196 57 52 50 52 53 52 177 205 210 205 208 208 203 63 58 56 51 50 54 54 49 49 59 57 57 54 61 70 102 117 133 149 160 186 196 193 194 194 194 192 187 187 186 187 176 156 127 99 
93 133 170 181 188 189 192 195 195 195 196 198 197 199 183 60 59 57 56 50 48 55 54 48 49 49 53 51 49 49 49 52 55 51 57 208 209 205 207 205 207 193 57 50 49 52 52 54 176 205 210 208 208 209 204 71 63 66 73 69 86 94 106 127 150 179 189 188 194 201 200 201 197 198 197 197 196 194 193 193 193 189 188 187 185 187 180 166 134 104 
92 76 163 179 185 191 194 196 196 194 196 198 198 198 184 147 141 129 120 115 102 95 87 73 65 58 60 63 61 55 53 58 58 59 77 204 209 208 205 205 205 194 56 48 50 52 50 51 163 203 208 209 207 205 206 195 195 197 198 193 203 202 203 201 205 204 203 200 200 203 201 200 200 196 198 196 194 195 194 197 192 188 188 186 185 186 180 166 133 106 
80 0 155 178 185 191 195 196 193 195 196 198 199 196 196 195 199 199 196 196 195 198 196 194 191 190 188 189 188 186 187 185 187 184 187 206 208 203 205 205 208 196 53 50 50 50 50 48 157 203 209 208 207 207 208 209 206 207 204 204 206 206 202 201 208 206 200 205 201 204 202 199 198 197 197 196 194 193 195 194 194 190 187 190 187 187 180 165 134 113 
74 113 144 160 182 188 194 196 193 194 195 198 199 197 198 199 200 201 201 198 192 201 201 201 199 201 203 202 200 200 202 202 202 201 202 206 208 202 208 205 205 196 51 51 53 51 51 46 161 209 209 207 208 205 208 209 207 205 206 208 209 204 201 204 205 204 200 202 201 201 202 200 199 199 196 197 194 193 196 193 197 190 186 188 187 186 180 162 134 110 
