42 42 48 50 50 47 42 50 43 49 50 51 56 64 78 67 67 76 82 74 77 74 78 72 70 73 74 82 81 79 88 69 103 105 103 100 104 104 102 104 99 104 109 98 101 103 112 104 97 102 101 104 106 95 99 100 104 105 101 99 102 102 101 92 97 102 99 97 93 92 95 94 88 86 86 88 88 69 69 69 76 76 64 61 58 59 61 52 54 54 
45 49 50 49 42 42 51 49 49 52 57 63 69 65 72 71 77 77 69 69 69 74 74 75 74 83 84 87 81 82 103 105 101 101 98 106 105 103 104 101 106 112 100 103 104 109 106 105 109 100 112 105 104 101 103 107 106 103 99 105 101 102 99 95 102 103 127 93 96 94 93 90 88 89 91 88 81 69 70 69 67 63 58 66 67 71 57 59 56 54 
41 49 50 47 40 47 52 56 58 58 69 77 72 67 68 71 70 70 71 68 80 79 82 79 80 84 85 83 83 86 102 105 99 100 102 112 113 105 104 103 114 116 111 109 112 112 112 104 105 107 114 113 105 102 104 111 104 100 103 106 104 100 96 98 102 101 98 97 83 99 97 93 92 90 92 94 84 73 74 71 71 63 58 64 60 63 59 60 64 64 
42 49 51 47 49 52 60 66 70 70 76 74 67 65 68 72 74 77 72 76 84 85 81 81 83 91 89 86 85 89 106 113 103 104 97 112 113 105 108 113 112 113 110 109 112 111 108 103 103 114 114 105 106 104 110 105 102 102 105 112 104 102 101 96 104 102 98 97 100 100 97 92 93 99 97 92 86 77 76 74 72 69 61 66 66 58 58 56 58 61 
34 51 53 56 58 69 70 73 66 66 70 70 70 66 70 76 81 74 82 79 84 86 81 85 86 90 90 89 89 64 112 113 105 110 112 111 112 110 110 114 113 111 109 110 112 116 109 104 110 113 114 105 110 96 105 108 103 104 112 111 112 101 97 112 102 105 97 100 101 101 96 92 96 99 96 94 94 100 114 111 96 86 68 74 67 66 60 63 58 62 
53 59 61 60 64 66 66 64 68 67 75 74 73 69 74 83 82 81 81 87 86 89 85 85 93 93 93 89 90 99 112 112 104 104 112 112 112 112 113 114 112 112 110 111 116 115 114 112 112 115 111 110 109 112 112 106 106 112 113 112 107 103 102 107 104 101 103 100 102 102 97 98 95 94 100 138 137 139 138 134 127 124 122 121 113 91 81 69 61 59 
63 61 59 57 60 66 69 68 69 72 80 81 73 72 86 86 89 83 82 89 92 93 84 88 95 93 89 94 94 101 113 110 107 111 114 116 113 110 98 111 114 113 110 116 115 115 111 109 120 115 117 111 105 118 113 103 108 101 112 113 105 106 102 106 113 102 102 99 105 104 100 98 100 101 99 146 143 145 141 138 130 127 130 124 120 118 112 112 98 80 
56 55 63 65 68 69 69 80 76 74 77 77 81 85 83 86 85 86 90 87 89 95 96 90 96 94 102 112 112 115 119 124 129 139 117 119 119 117 114 111 114 116 116 112 110 111 115 114 113 110 113 115 115 111 110 113 113 113 104 110 115 111 103 104 102 112 109 104 99 101 106 104 98 98 98 155 151 143 142 137 137 135 127 126 127 122 106 103 105 112 
58 60 64 71 72 70 71 81 84 79 82 83 85 88 84 86 82 97 104 111 119 138 147 150 156 162 164 169 162 169 170 178 177 179 177 175 178 175 164 153 129 127 124 118 115 116 117 118 113 113 117 116 111 112 113 111 116 110 101 104 113 114 111 110 104 112 112 103 105 111 105 105 96 97 101 130 154 149 143 146 144 138 132 129 127 58 116 110 110 103 
61 64 69 70 71 71 66 83 81 83 85 90 90 95 102 118 138 153 163 161 165 168 166 165 165 166 173 176 170 170 175 180 181 180 180 182 183 182 182 182 185 185 184 154 143 137 123 116 117 113 117 116 110 112 111 114 113 112 103 98 115 112 111 111 115 113 112 105 109 105 113 106 101 102 103 100 3 148 152 148 148 138 136 134 133 77 125 123 119 122 
63 74 79 77 72 78 85 83 84 88 98 119 140 148 155 155 163 164 162 163 162 166 168 166 168 171 172 174 173 170 181 182 182 183 181 183 183 185 181 184 185 185 186 184 186 186 183 158 150 123 119 119 114 114 118 117 116 112 113 110 113 113 111 113 113 112 111 105 104 107 107 100 101 100 105 101 87 136 152 152 149 146 140 141 144 132 83 130 127 122 
69 73 74 77 77 80 86 97 115 134 147 157 163 153 161 161 166 166 164 163 164 170 169 168 170 176 178 175 176 176 180 183 181 182 182 185 186 185 185 185 187 187 184 186 184 188 188 186 186 184 166 135 118 114 119 118 120 112 111 114 112 111 113 114 113 112 108 111 105 113 109 106 103 96 108 104 92 93 138 146 145 138 134 145 144 136 125 82 129 127 
72 79 80 77 86 101 135 148 150 151 144 163 161 160 163 165 166 167 165 165 170 170 170 172 170 176 176 174 176 176 182 183 182 184 183 187 188 187 186 188 188 188 186 187 190 188 191 189 188 189 190 185 169 135 121 121 115 115 105 115 118 112 112 111 112 114 111 106 107 113 113 107 105 107 104 105 97 93 92 132 154 150 143 140 136 130 132 124 91 128 
73 84 91 114 134 144 156 154 155 156 163 162 154 132 121 116 111 111 93 86 81 84 64 110 128 154 176 174 177 179 184 184 184 182 186 187 188 185 188 192 191 189 190 188 191 191 188 191 192 193 189 189 189 187 178 139 116 114 114 114 116 103 114 115 113 115 111 106 108 112 102 103 103 106 106 100 92 90 92 102 120 153 154 157 154 144 141 128 125 89 
93 120 141 146 146 154 156 147 135 115 115 122 255 140 148 162 167 166 166 166 170 164 146 123 88 68 70 102 155 183 185 185 186 187 187 189 186 188 191 192 192 190 191 191 193 192 191 192 187 192 192 189 191 191 192 187 145 116 116 115 118 113 105 114 111 111 110 105 110 112 102 102 101 110 105 99 91 89 94 95 93 103 156 157 157 151 149 147 145 138 
138 145 146 149 146 129 119 125 136 151 162 168 165 170 165 175 175 169 175 176 177 177 173 177 182 173 143 78 59 85 156 181 183 187 191 189 189 187 191 192 191 191 188 192 194 192 191 190 193 191 194 192 189 188 191 189 184 165 128 122 117 115 113 117 116 105 106 110 112 113 101 101 107 105 102 101 95 96 93 97 88 92 104 147 161 152 153 154 147 140 
141 145 135 121 128 138 149 164 167 169 166 167 171 174 173 170 170 175 176 175 178 180 180 179 180 182 183 180 154 70 61 77 159 187 185 189 192 192 189 192 189 190 192 191 191 193 195 193 191 193 131 196 195 192 191 193 194 194 177 151 123 120 117 111 111 115 116 111 112 104 114 112 109 104 104 105 97 94 92 64 95 87 87 98 124 155 158 152 148 146 
119 122 143 147 152 156 162 169 169 165 169 170 178 177 174 175 180 177 179 177 176 182 181 183 182 180 182 185 185 180 99 64 66 147 188 188 194 193 193 189 194 197 195 193 193 195 196 193 193 191 195 197 195 192 194 195 195 192 192 189 184 137 118 111 105 116 113 112 114 98 113 113 106 105 113 109 99 93 95 96 98 92 85 88 95 108 141 152 152 153 
123 139 161 162 160 161 164 169 170 169 173 176 178 176 178 178 181 180 179 177 178 184 184 176 183 184 188 188 188 186 185 114 65 63 121 192 194 192 191 192 195 194 194 194 192 196 196 197 195 194 196 196 195 194 193 195 196 191 190 191 193 190 143 115 115 117 115 113 111 112 112 112 104 108 113 106 97 99 95 93 92 89 87 90 91 90 101 128 148 151 
132 147 158 164 164 163 165 170 171 169 169 170 178 176 179 181 176 178 184 182 181 182 186 186 186 186 188 189 188 187 191 190 88 63 63 129 188 193 195 190 193 196 196 195 193 193 195 196 195 195 193 197 195 194 195 197 195 195 193 193 193 194 182 155 120 112 119 113 112 104 114 113 104 105 105 110 100 94 95 68 100 92 88 89 91 91 92 92 106 155 
127 144 162 165 163 168 166 175 176 175 175 179 180 182 180 180 180 186 187 186 185 186 186 187 185 186 191 189 128 188 191 191 183 60 57 61 182 194 194 194 194 197 198 197 195 196 197 197 196 196 197 198 198 194 196 196 196 195 194 193 195 195 191 188 163 117 112 112 112 106 113 111 110 104 107 113 102 99 91 98 100 92 90 92 92 91 88 85 86 110 
120 140 162 167 169 167 170 176 176 177 181 182 182 184 182 185 185 187 186 187 185 188 187 187 187 187 192 192 192 189 187 195 192 95 59 64 102 195 196 194 197 197 196 197 196 198 195 197 195 197 199 198 197 196 198 197 195 195 195 194 195 194 191 191 192 161 115 111 111 116 116 113 105 104 111 111 98 99 99 100 99 91 92 91 93 93 89 89 86 92 
115 144 155 155 153 153 131 169 179 178 179 182 184 185 184 182 187 189 188 187 188 189 191 187 186 189 192 192 191 188 195 193 194 173 62 61 67 195 193 196 197 195 194 194 197 195 195 195 197 195 197 198 196 195 196 198 198 194 194 197 196 195 192 191 192 190 150 106 110 117 114 106 110 104 108 113 98 98 98 100 97 91 92 90 89 92 88 88 88 89 
94 106 115 119 113 116 121 121 129 178 180 184 184 184 185 187 189 187 187 186 185 189 190 188 187 191 192 192 192 188 193 197 196 186 61 61 64 179 194 194 196 197 197 195 196 196 198 195 195 195 199 199 197 196 198 197 198 195 195 198 197 194 193 191 192 193 186 131 104 118 110 111 103 110 112 112 98 100 103 99 97 92 91 93 91 94 86 85 90 89 
75 91 100 96 97 100 102 113 110 124 181 187 184 187 185 186 188 189 188 186 190 191 191 188 189 191 193 192 192 193 194 196 195 192 77 62 60 132 195 196 198 197 197 197 192 198 199 197 196 200 199 199 199 196 198 198 196 196 196 197 198 193 194 193 193 193 188 184 177 111 118 104 102 113 111 112 98 96 102 102 92 91 91 96 94 87 89 90 88 90 
71 87 96 97 99 99 102 102 103 110 180 186 186 186 185 188 190 189 188 189 190 191 188 190 191 190 194 193 195 194 195 194 197 192 66 59 59 83 196 197 197 198 197 198 198 196 198 196 198 198 202 197 198 198 201 200 197 197 198 199 197 196 193 131 193 197 189 186 177 102 109 108 111 113 107 98 95 96 101 99 94 90 90 100 95 89 86 90 90 90 
79 89 94 95 95 104 106 102 103 103 182 185 187 186 187 189 190 188 190 189 193 192 189 191 129 194 193 193 192 195 195 194 193 195 77 59 59 65 199 198 201 196 197 196 199 199 197 198 199 199 200 196 198 202 199 200 197 199 198 198 197 194 193 195 195 174 190 187 155 133 105 105 103 106 112 97 97 98 99 102 94 91 94 96 99 89 90 91 89 90 
74 84 92 95 100 105 105 105 102 103 184 189 186 191 189 193 191 189 189 192 194 193 192 193 192 192 196 193 194 195 196 193 194 195 72 57 59 68 198 200 200 199 196 198 199 200 199 197 200 200 198 199 198 200 200 199 198 198 198 197 197 194 191 193 192 184 181 168 163 134 107 105 98 113 107 101 98 103 99 96 95 94 95 95 92 89 86 90 88 88 
74 84 92 97 99 105 103 100 101 114 188 189 188 188 191 190 192 189 190 192 194 195 192 192 195 195 191 192 194 196 197 196 196 195 67 60 57 63 200 197 197 188 189 191 194 194 187 189 189 189 188 185 187 185 179 177 175 169 176 176 175 169 170 174 171 168 167 160 165 166 135 102 110 114 110 105 99 103 105 97 97 93 96 94 89 87 90 92 89 86 
66 76 93 99 107 100 101 103 106 146 186 187 191 192 191 188 192 191 194 193 192 191 194 193 190 192 192 191 188 186 189 191 187 184 61 54 58 65 183 179 180 184 184 184 186 182 187 187 181 181 187 187 187 186 175 175 180 180 175 175 177 172 172 173 175 176 170 167 166 158 166 131 104 103 97 106 103 99 99 104 102 98 92 95 99 98 89 93 90 89 
68 79 94 99 97 101 102 106 121 179 184 189 189 189 189 187 191 188 186 182 179 180 178 176 176 178 181 183 182 180 182 184 184 173 59 54 57 113 182 184 186 187 187 185 183 185 188 188 187 186 187 189 191 188 185 181 182 177 179 180 178 178 175 173 160 177 170 169 166 171 170 167 110 103 104 104 105 99 99 101 103 110 90 97 101 100 94 88 91 92 
67 79 92 98 97 98 101 109 124 178 174 176 174 170 168 170 176 176 169 170 170 176 177 170 184 180 182 183 184 181 182 186 187 150 54 58 57 130 187 188 191 188 190 187 187 188 187 188 189 188 191 191 191 190 189 183 182 177 180 183 182 182 178 176 176 176 177 173 176 175 176 172 157 100 112 106 102 101 101 101 101 95 92 95 98 97 97 91 94 93 
68 84 94 99 96 100 106 114 149 161 162 165 166 165 164 168 170 172 169 171 170 174 177 170 183 182 184 184 184 182 187 187 189 113 52 58 55 149 184 184 188 189 188 188 188 188 191 189 191 129 192 195 193 192 197 189 188 188 189 191 193 195 194 197 196 198 197 194 195 195 193 188 186 131 112 107 102 100 98 104 102 95 99 102 99 98 93 90 96 90 
72 90 98 96 104 101 112 131 165 162 166 166 169 166 165 168 170 172 174 175 176 176 178 179 181 185 188 188 186 186 189 191 184 81 53 59 61 200 195 198 199 200 197 201 193 202 204 199 202 201 204 202 203 201 202 204 202 200 201 202 201 199 198 201 200 200 197 195 194 194 193 187 187 178 109 106 100 103 103 104 103 94 95 100 99 127 91 89 93 92 
74 89 100 99 102 105 125 161 160 160 166 169 169 170 168 176 176 177 178 179 185 187 186 190 191 195 197 196 198 198 201 200 195 64 53 58 61 204 202 204 205 204 201 202 202 202 204 202 201 204 205 201 201 202 205 205 201 202 202 202 200 199 198 197 201 201 196 198 198 194 196 191 186 118 101 108 101 102 104 105 101 100 102 99 97 92 92 92 93 93 
65 95 109 101 103 115 161 167 171 174 181 187 188 189 190 193 197 194 195 196 198 198 196 197 197 198 200 197 200 200 200 201 189 56 58 57 62 201 200 204 205 204 202 202 202 202 201 200 200 204 204 201 204 202 205 205 202 201 202 200 200 200 201 201 200 200 198 197 197 196 192 193 189 166 149 99 104 103 103 102 97 100 98 100 98 93 94 91 90 88 
89 96 105 103 101 171 186 186 188 191 193 195 193 194 193 197 195 195 194 195 197 198 196 196 197 198 201 198 198 200 203 200 167 54 56 58 76 202 200 205 205 202 202 202 204 204 202 201 202 202 205 203 202 205 204 206 203 202 204 204 201 201 200 201 201 198 199 197 198 197 194 193 190 191 183 117 99 103 104 100 98 99 66 99 102 93 91 94 95 85 
89 99 104 106 125 185 188 189 190 188 193 193 192 193 193 194 193 194 195 198 198 197 195 195 199 200 199 199 201 202 202 203 155 56 53 53 95 206 201 204 204 205 204 204 204 204 209 208 207 206 206 207 206 203 204 205 205 205 205 202 204 206 203 201 202 205 202 200 197 198 199 195 195 192 128 185 123 103 105 109 103 102 98 95 98 102 111 95 95 97 
87 94 111 113 175 187 188 191 192 191 192 194 198 197 196 196 197 197 201 198 198 199 200 201 199 200 201 201 201 200 201 201 104 52 55 52 125 204 208 203 208 207 207 202 203 205 209 209 205 204 205 206 201 203 204 208 209 205 204 203 208 205 204 201 200 204 203 200 199 199 195 193 187 193 194 191 180 100 104 103 106 97 100 99 101 101 93 93 96 96 
89 96 108 149 184 185 191 194 192 193 193 196 197 197 195 195 197 200 193 198 198 201 199 200 199 199 202 202 201 202 201 200 64 50 54 57 147 204 202 204 208 208 202 204 205 209 208 205 207 204 208 206 204 205 204 207 208 202 208 208 209 204 204 201 204 202 202 200 199 199 198 196 194 192 192 191 181 137 100 111 111 100 101 106 101 101 97 94 67 98 
90 98 126 177 184 191 189 193 193 194 194 193 197 197 196 195 196 198 196 197 198 192 200 201 198 197 205 205 204 202 201 194 58 56 51 50 153 205 204 204 204 209 205 208 203 209 207 208 204 205 208 209 208 204 205 206 209 208 204 204 205 208 200 202 200 205 202 201 199 199 200 199 195 195 194 192 189 156 92 112 105 111 104 98 105 99 98 99 94 96 
96 100 164 186 187 189 191 194 195 193 194 194 197 199 196 197 200 198 200 198 201 200 199 200 198 200 211 213 203 200 200 169 55 50 51 51 176 205 205 202 205 208 208 204 205 209 207 209 205 205 206 209 205 207 205 208 209 207 206 206 208 205 204 201 202 205 202 201 198 201 202 199 197 194 193 194 192 113 104 103 103 99 101 101 105 104 101 98 95 93 
100 80 185 189 188 189 191 193 195 192 193 197 199 199 197 198 199 200 192 197 197 199 201 199 197 200 204 204 201 202 200 127 56 52 51 57 195 209 204 204 210 205 204 204 204 207 208 204 204 205 208 208 208 207 203 205 208 203 205 206 209 208 202 202 205 207 204 199 201 204 201 202 191 188 188 190 180 135 137 96 110 101 101 100 106 104 96 98 100 95 
103 175 188 188 188 191 193 195 192 194 194 197 197 197 197 197 200 201 200 199 199 201 201 200 200 204 205 202 200 201 198 88 56 53 50 62 205 202 205 204 208 208 204 205 204 209 208 207 205 192 208 209 205 208 209 208 209 208 205 209 205 207 202 202 205 208 201 200 200 202 201 198 193 191 193 195 189 164 155 118 103 104 99 103 102 105 100 93 97 93 
138 184 188 188 188 190 194 194 194 193 195 198 199 199 197 192 200 201 198 198 200 198 200 199 201 204 205 202 202 201 199 65 51 54 53 62 211 203 204 202 207 207 205 207 208 209 208 205 205 208 209 209 207 208 207 208 205 206 207 208 209 202 204 202 204 208 201 203 201 202 202 198 197 198 197 196 193 191 189 168 96 101 101 103 101 96 95 97 100 93 
163 187 188 189 191 179 193 194 194 195 199 198 199 196 198 199 200 201 198 197 198 201 200 201 201 205 208 201 200 202 194 57 48 51 51 61 210 204 207 207 209 207 208 205 207 209 220 208 209 210 208 208 207 205 211 208 204 208 207 209 209 204 204 208 205 208 202 202 205 203 202 198 197 200 199 195 193 192 191 175 104 98 97 105 102 97 95 81 99 89 
162 184 189 188 190 192 193 196 194 193 196 197 198 197 198 200 201 198 198 198 200 201 202 201 201 205 204 201 202 206 171 55 48 48 53 77 211 205 206 207 208 205 206 205 208 209 209 207 209 209 210 205 207 208 209 210 208 203 207 208 207 205 204 205 207 194 201 201 203 203 198 201 197 200 199 195 193 193 193 182 124 90 98 111 104 99 99 102 95 88 
178 187 189 189 189 194 195 193 194 195 198 198 195 196 198 199 200 198 201 197 201 201 199 202 205 204 206 202 202 204 133 42 48 51 54 112 201 204 207 208 207 205 204 223 208 210 208 209 207 209 209 208 205 210 209 208 207 205 208 210 204 205 204 205 208 201 204 201 204 202 200 198 196 199 198 196 193 194 194 191 179 154 104 108 108 95 98 109 98 80 
178 186 191 191 192 194 193 193 194 193 196 198 197 197 192 199 199 199 196 201 202 201 200 201 204 205 204 202 201 202 101 49 51 50 53 131 201 208 207 209 208 206 206 207 208 209 207 207 207 208 210 207 204 205 209 205 204 205 204 208 202 204 204 207 208 201 204 205 204 204 200 199 202 199 199 196 195 194 194 188 188 180 104 103 99 97 97 104 101 77 
161 179 188 191 175 190 193 194 196 194 193 196 197 198 196 197 197 200 199 198 200 194 201 205 200 200 205 205 209 201 96 53 52 48 50 110 204 208 205 208 208 208 207 207 204 201 208 208 205 202 204 202 200 193 177 162 157 132 133 114 94 78 167 203 204 209 204 203 203 200 202 202 201 197 199 198 197 192 192 192 191 186 170 97 103 101 110 96 98 86 
155 177 189 191 192 193 192 192 165 164 155 178 183 183 183 184 188 188 186 187 188 195 196 196 201 201 205 204 204 193 65 51 52 49 50 129 208 208 207 207 208 207 150 142 131 125 113 104 90 78 73 69 59 56 53 57 56 52 53 51 54 54 88 204 207 206 205 201 201 205 204 201 200 199 199 199 197 192 188 193 191 186 185 128 102 101 92 95 92 87 
152 173 188 190 189 191 194 168 68 56 57 59 60 63 58 58 65 65 61 61 60 72 73 88 204 201 204 205 202 192 52 51 53 49 50 184 209 208 207 206 208 198 53 53 51 56 57 52 51 52 57 53 52 51 49 56 53 49 49 54 54 56 57 204 205 206 208 203 204 205 205 203 197 197 199 198 194 194 191 194 196 186 188 169 103 102 98 95 64 87 
145 177 187 188 190 189 189 101 56 52 53 55 53 51 50 54 56 54 51 51 50 56 56 129 198 205 205 208 201 174 53 51 53 49 52 204 208 207 208 207 209 191 53 52 51 54 53 50 53 49 53 54 50 49 52 53 54 50 51 53 53 49 53 193 204 205 204 201 204 203 205 200 198 198 199 197 195 192 193 193 191 187 185 184 115 103 95 93 92 82 
135 173 185 186 188 189 164 63 51 51 51 56 55 51 51 51 56 54 51 51 56 54 56 178 200 208 203 202 200 115 53 50 50 48 51 210 209 207 204 207 208 186 54 51 55 55 55 49 52 53 53 53 50 50 54 53 52 51 52 53 54 49 52 153 208 207 204 201 203 203 204 201 198 199 198 198 195 194 195 193 192 186 186 186 175 96 94 93 90 84 
125 167 183 186 189 185 99 56 55 51 48 55 53 52 48 53 57 57 52 51 54 54 60 200 199 208 205 202 195 69 52 53 48 51 58 207 209 203 207 208 205 185 51 51 56 54 53 52 51 52 54 51 47 51 57 55 51 53 59 66 71 80 93 192 208 205 201 201 204 203 202 198 200 201 199 196 194 193 196 196 192 188 186 184 181 106 95 82 91 82 
126 157 177 183 188 186 147 135 125 113 108 88 65 66 59 56 57 54 54 53 56 55 104 201 201 204 205 201 194 54 53 53 47 48 70 212 205 207 205 204 208 163 68 71 84 80 85 79 87 100 119 139 155 167 176 186 188 192 198 200 202 201 201 209 205 209 204 202 204 205 201 199 198 201 199 196 195 193 197 193 193 188 188 185 185 155 90 93 86 85 
116 146 170 183 187 193 192 191 191 189 192 192 187 186 182 183 183 175 170 168 168 167 185 199 205 204 203 201 189 53 56 39 46 48 84 209 202 204 204 206 204 201 197 197 201 201 200 199 201 204 202 202 202 207 209 205 208 204 205 207 205 204 207 204 209 204 205 201 204 203 201 199 197 199 199 195 194 196 195 193 189 188 188 186 186 173 95 93 95 82 
104 131 161 178 187 194 194 193 193 195 195 197 194 196 197 197 198 195 197 198 198 199 199 200 202 204 201 201 181 53 52 47 49 50 111 204 204 203 207 207 208 204 207 208 210 205 209 208 207 209 205 207 204 209 209 208 205 205 209 209 206 205 207 206 207 203 201 205 202 205 200 199 201 199 199 195 194 197 195 193 189 186 187 187 182 178 166 99 95 89 
82 110 155 176 184 189 191 195 194 193 194 194 197 196 194 195 194 199 199 197 200 201 201 201 204 201 203 204 177 50 47 52 52 49 103 203 209 207 204 202 206 208 207 209 204 192 204 209 204 207 207 205 209 208 208 210 204 205 205 204 209 205 205 202 203 205 204 202 202 201 200 202 200 198 192 196 195 192 193 192 193 195 186 185 185 181 176 117 95 96 
71 96 147 168 181 188 189 195 195 193 192 196 196 196 196 194 199 197 199 197 197 200 204 200 200 201 204 200 111 50 49 50 50 47 140 200 204 208 207 204 209 208 208 208 204 209 208 207 204 204 209 204 192 204 206 207 207 204 205 204 207 207 204 203 206 205 205 199 204 204 202 202 198 197 197 198 194 193 194 194 194 189 185 187 186 183 178 148 98 97 
