46 46 52 55 49 48 48 48 48 45 47 57 63 49 62 63 73 80 72 72 73 77 83 74 73 74 83 82 81 95 100 102 109 97 98 104 103 102 102 99 106 112 102 104 100 107 112 99 101 103 107 102 98 102 103 105 104 99 100 101 103 101 97 97 99 97 110 97 93 95 93 88 89 87 90 91 67 69 63 72 74 63 62 72 66 63 55 54 55 48 
45 41 48 49 40 44 45 47 51 51 57 10 68 69 70 74 81 81 76 68 67 75 81 81 77 77 84 86 98 93 98 109 103 101 99 103 105 106 104 100 109 111 107 105 102 107 109 105 102 97 112 109 100 101 100 112 105 102 95 98 105 102 97 96 85 100 99 93 93 64 99 93 90 87 89 80 75 68 69 69 63 57 58 59 68 69 58 59 57 51 
41 41 48 47 45 46 52 57 59 60 65 72 75 80 68 67 73 74 69 70 72 81 82 79 83 82 88 86 99 102 101 105 107 104 99 112 111 111 103 103 111 112 114 111 109 107 113 103 104 103 108 113 103 100 102 111 112 101 106 98 105 105 100 97 101 101 100 95 95 96 98 90 90 87 90 81 71 69 71 72 68 59 59 58 64 61 61 58 61 61 
42 48 48 48 50 50 60 67 70 70 67 69 68 67 68 69 76 80 76 74 75 82 85 83 80 87 88 92 103 101 110 112 114 104 111 112 109 97 103 104 110 113 103 105 103 110 107 105 110 104 110 113 100 98 112 111 105 101 102 105 106 111 97 100 103 102 98 95 95 101 101 92 92 93 92 82 79 72 64 74 70 65 64 65 60 63 56 53 58 65 
46 52 52 50 56 61 70 80 69 68 65 68 68 69 69 74 80 85 82 77 84 86 89 86 87 89 90 91 101 102 112 113 105 109 101 112 113 105 108 110 113 114 110 111 105 108 111 103 104 111 114 109 112 110 105 111 96 103 102 105 111 101 100 102 105 103 100 96 96 100 99 95 93 96 97 118 128 127 0 123 114 95 87 77 68 65 60 58 61 64 
49 55 63 61 65 65 69 70 67 68 73 73 77 73 76 81 85 82 81 83 86 86 89 86 88 91 92 90 100 99 111 115 104 108 110 113 112 113 111 114 116 114 110 110 111 114 115 106 111 115 111 111 104 111 113 104 105 104 104 111 113 102 102 103 107 107 101 98 100 100 101 98 93 98 146 146 137 133 138 133 128 123 121 119 117 101 87 72 66 65 
56 63 65 61 63 68 70 77 70 69 75 77 80 76 76 82 86 81 83 83 88 90 90 87 89 96 95 96 102 105 113 115 107 105 114 114 116 106 111 116 114 111 110 112 114 114 109 106 111 115 114 110 110 110 115 105 111 102 111 113 109 105 103 107 106 106 100 101 106 104 98 99 94 98 149 141 138 140 138 135 129 125 121 124 123 114 110 113 112 93 
61 61 66 62 65 73 74 73 72 74 82 80 80 80 83 87 90 86 85 87 93 92 91 90 98 97 97 93 105 113 116 117 115 112 114 114 113 112 104 113 117 113 113 115 115 113 110 111 113 113 113 110 105 115 112 113 102 104 113 114 113 110 104 112 112 105 103 101 104 107 100 99 96 98 162 146 145 129 145 138 133 130 129 129 94 68 84 92 97 106 
63 63 60 64 68 76 76 73 76 79 81 86 84 83 86 88 89 85 91 97 102 104 110 117 131 137 157 147 153 157 163 162 162 159 163 155 140 130 125 120 117 113 112 118 114 116 113 110 115 117 116 111 105 112 113 112 113 103 114 115 105 110 102 112 113 99 108 105 106 104 99 99 100 101 112 147 145 151 146 144 135 133 134 130 48 131 120 122 116 98 
63 60 68 74 78 72 77 84 83 80 83 80 88 90 91 92 104 130 144 151 155 161 166 168 166 168 175 177 177 175 176 180 182 182 179 180 182 181 181 180 170 173 135 120 118 115 118 116 114 111 112 118 113 115 113 114 114 116 105 111 114 116 97 104 104 112 112 104 103 101 109 105 100 102 99 112 151 146 145 148 144 145 136 132 110 108 130 120 126 118 
65 67 74 80 76 79 77 85 89 86 89 90 114 130 142 152 128 164 164 161 163 166 169 168 168 169 176 177 176 177 178 183 183 180 181 180 184 185 184 186 181 185 186 181 178 174 139 136 117 114 116 115 119 114 112 116 118 111 112 110 113 113 114 111 112 114 113 104 103 102 106 106 103 99 103 97 111 149 148 150 150 140 139 136 138 110 113 127 124 123 
68 68 81 82 79 79 80 90 97 114 132 154 161 162 157 160 164 166 166 165 165 168 169 167 169 169 177 175 176 177 180 183 183 182 181 189 186 188 184 185 186 187 187 185 185 188 186 184 175 148 123 118 117 115 115 118 117 112 112 96 115 114 114 112 114 111 113 104 112 111 111 105 103 100 104 95 125 101 137 146 141 133 136 138 141 138 94 105 0 128 
69 72 80 83 84 89 106 134 149 183 154 160 162 159 157 159 163 167 167 165 165 165 176 175 173 174 176 178 180 179 181 184 184 186 184 186 188 188 185 185 186 189 189 186 186 187 192 190 191 187 185 165 127 118 116 122 119 116 112 113 105 118 113 111 111 113 112 103 105 105 112 107 104 106 95 96 96 95 99 128 157 155 144 138 136 133 133 112 93 129 
73 75 86 97 118 136 149 153 160 154 156 156 163 164 161 161 164 165 164 157 164 170 172 177 170 169 177 179 180 181 183 185 186 182 186 183 189 188 188 189 189 190 191 188 188 189 191 191 189 188 191 189 186 166 136 116 120 114 111 114 116 108 106 105 112 107 113 104 104 98 106 107 102 100 104 96 96 90 95 104 143 161 155 153 153 154 141 135 127 90 
79 93 130 146 146 149 155 159 160 155 154 138 115 112 99 99 98 97 90 77 71 76 84 93 121 150 182 178 179 182 182 187 186 187 185 184 188 189 188 188 188 192 192 189 193 189 191 191 189 190 193 191 189 186 187 163 121 118 114 114 113 114 111 111 114 114 116 109 106 111 109 104 100 101 105 95 107 89 92 89 96 121 151 153 155 153 147 146 129 137 
124 144 150 151 149 152 145 127 112 113 123 145 153 160 163 165 170 171 170 170 168 165 152 118 82 66 74 120 166 182 189 187 188 186 185 189 191 191 190 188 191 189 187 189 190 191 193 188 190 188 194 192 188 188 189 187 167 125 118 121 118 116 103 112 116 113 112 102 105 113 108 101 94 99 106 97 90 88 93 93 95 94 110 159 161 161 152 148 146 146 
137 149 148 143 115 116 136 146 154 163 163 166 169 168 168 167 177 177 175 175 160 180 180 179 178 163 111 65 63 92 174 185 185 186 187 191 191 187 188 189 190 191 189 187 191 192 193 190 189 192 193 194 191 188 192 193 192 183 132 122 119 115 112 103 114 113 105 109 104 113 111 104 100 100 105 97 92 91 94 95 92 86 88 105 136 155 150 149 149 149 
129 127 115 127 140 151 164 167 166 166 167 175 176 173 176 175 178 177 176 179 181 179 181 179 180 183 182 162 86 59 68 115 186 185 187 188 193 190 189 192 192 192 191 191 195 196 192 192 193 194 194 192 193 192 195 194 190 190 188 182 144 118 115 112 116 116 111 113 112 113 112 103 105 106 103 98 94 93 97 93 90 86 86 90 103 115 149 151 153 148 
111 133 148 155 156 162 166 168 164 167 172 177 175 177 173 176 178 175 176 175 181 181 182 180 181 183 185 185 182 135 65 66 87 185 192 193 193 191 193 193 193 194 195 189 195 195 192 196 192 195 194 192 192 191 194 195 191 189 192 191 189 154 113 120 105 116 110 110 111 114 113 101 106 113 111 94 95 94 96 96 86 90 87 88 92 88 104 147 154 153 
4 149 161 154 160 165 164 172 167 168 173 177 175 174 175 179 178 176 179 177 182 183 183 182 186 188 189 186 186 188 149 67 60 73 193 191 175 192 191 192 191 192 191 192 197 194 193 194 194 195 194 193 194 196 195 196 194 192 194 194 192 189 175 120 115 106 111 106 112 113 102 110 104 108 103 96 95 96 96 95 86 88 92 89 91 85 85 102 122 160 
132 149 169 161 161 165 169 165 169 169 176 178 175 176 162 175 178 180 181 185 186 185 182 185 186 186 187 186 186 190 190 160 59 58 95 192 189 188 189 193 194 189 192 195 193 194 194 195 196 197 195 194 192 196 194 197 191 195 193 194 191 191 188 177 119 104 105 110 117 111 105 103 114 112 105 96 97 65 96 96 89 91 93 90 86 85 85 92 97 111 
119 135 156 163 166 164 168 176 172 173 173 177 180 182 180 178 182 185 185 184 186 184 186 185 186 187 189 191 191 187 189 189 87 63 58 88 192 194 193 193 193 196 197 196 196 194 196 197 194 192 194 197 197 195 194 195 196 195 193 194 194 193 189 189 182 125 110 113 111 110 113 113 103 110 98 101 99 95 95 64 96 95 90 87 93 91 90 85 88 93 
115 132 160 168 162 168 173 176 176 178 178 176 181 182 181 180 178 186 187 183 185 186 187 188 186 187 189 191 190 187 191 191 178 58 56 60 187 194 195 195 194 196 197 192 194 196 196 197 194 195 197 197 197 195 194 195 196 193 192 193 194 193 189 190 188 183 122 106 109 110 114 113 104 105 104 102 102 96 95 97 95 95 87 83 91 92 86 88 87 90 
105 129 155 166 166 168 169 177 178 178 178 182 183 184 180 182 187 186 187 185 185 187 187 184 185 188 192 191 191 189 189 194 193 66 59 57 128 193 194 192 195 196 196 194 194 195 195 198 194 195 196 198 194 194 193 197 196 193 192 194 195 192 192 191 191 190 180 116 111 114 112 114 101 113 104 100 96 97 97 97 96 92 91 93 93 91 85 87 85 89 
84 106 115 119 118 120 135 167 180 179 177 185 183 185 182 185 187 187 185 184 184 189 188 188 187 189 192 192 191 192 194 194 194 122 57 63 68 201 193 194 196 196 193 196 195 196 196 195 195 196 197 197 196 194 198 196 197 194 194 195 197 195 193 189 193 191 191 171 102 107 113 105 105 100 105 103 96 97 92 98 93 91 89 64 95 93 88 88 87 90 
74 91 98 102 98 104 114 115 166 179 182 184 186 186 182 185 189 187 187 185 191 187 189 189 188 192 193 193 191 190 195 196 197 165 56 60 64 195 194 196 196 198 196 196 194 198 197 197 197 197 199 198 197 196 197 196 197 196 195 195 196 192 191 191 194 194 187 185 170 112 109 105 105 103 105 103 95 98 69 96 97 94 90 93 90 94 87 87 90 89 
68 86 95 94 96 101 101 113 122 177 181 185 185 184 184 188 187 187 187 186 189 189 188 188 188 192 193 191 189 194 196 194 193 185 57 59 59 169 195 196 196 197 195 195 197 196 198 194 195 198 198 201 195 197 198 196 196 194 194 197 196 193 192 193 195 194 188 185 183 134 115 104 104 106 102 104 96 93 101 99 109 90 91 96 99 89 91 88 88 90 
67 81 93 95 97 99 103 109 110 177 186 187 187 186 186 189 189 189 187 189 191 189 188 191 191 193 196 193 192 193 193 194 194 185 59 61 61 133 196 197 197 199 195 196 198 199 194 196 197 199 198 196 197 196 198 199 197 196 196 197 198 195 195 196 195 197 190 187 177 131 104 106 102 111 103 96 98 96 100 99 92 93 95 96 94 87 90 93 88 89 
73 84 91 94 96 106 105 105 111 181 183 188 186 185 185 190 191 187 189 188 193 191 189 192 131 192 194 191 193 195 194 194 195 188 58 59 58 137 197 199 198 196 196 197 198 198 196 198 197 199 200 197 197 192 199 199 195 193 197 195 194 187 185 187 180 175 163 155 150 149 128 101 100 106 106 100 98 93 104 96 95 95 64 95 92 87 88 92 92 89 
73 83 96 96 94 100 106 103 121 184 188 187 186 187 186 190 188 191 193 128 192 193 189 194 192 192 193 191 194 197 198 194 193 184 58 58 57 117 197 199 199 192 193 131 194 195 188 188 189 188 187 184 185 185 176 177 173 174 175 177 170 172 169 175 172 167 167 166 166 166 161 117 97 112 106 101 99 101 103 101 93 96 98 95 104 91 89 92 91 86 
64 74 95 98 103 98 100 111 138 185 184 185 187 188 188 187 189 192 191 189 191 189 193 195 189 193 192 192 193 194 195 196 194 182 54 54 58 64 176 175 176 183 181 181 182 183 187 186 182 181 184 185 185 183 177 177 179 177 177 175 177 176 174 175 169 173 175 160 163 155 165 162 100 107 112 97 104 98 96 66 102 102 91 93 96 97 97 89 92 92 
67 78 90 98 96 101 101 113 172 186 186 187 190 191 187 189 129 192 192 188 188 189 184 181 181 179 182 183 182 179 179 185 185 137 52 53 57 130 182 182 184 187 186 184 186 185 187 187 188 183 187 189 187 186 187 179 180 175 177 177 180 178 175 173 173 177 175 166 163 168 169 163 153 103 112 107 106 98 93 101 105 101 97 94 97 99 127 93 91 95 
68 77 93 99 99 102 102 126 186 185 185 187 185 185 180 182 181 179 175 173 167 172 175 169 179 178 184 185 182 181 182 185 185 112 53 53 58 147 185 185 190 189 190 185 185 187 187 187 185 186 192 192 128 189 193 182 182 178 181 177 183 182 179 174 160 179 181 174 177 179 180 177 178 149 105 111 106 101 94 103 101 94 97 93 97 99 93 89 93 95 
68 79 95 101 101 100 105 141 175 169 163 163 168 166 165 166 166 169 172 170 171 172 171 178 178 179 176 183 186 184 183 185 186 111 51 52 56 161 185 187 185 189 191 189 188 188 191 191 188 186 189 193 191 189 191 191 185 186 189 188 191 193 193 194 196 197 197 194 191 191 194 193 186 181 105 108 107 99 99 99 105 102 101 95 64 99 93 89 91 90 
74 88 93 100 96 102 104 161 163 162 161 161 166 168 163 169 170 177 176 173 173 174 172 182 180 181 186 185 188 186 186 188 186 64 54 52 60 184 187 191 191 191 196 192 195 198 200 203 200 198 201 202 205 204 200 203 202 202 201 198 201 200 197 200 197 198 199 194 193 193 194 192 187 188 157 107 103 98 99 103 105 100 98 95 97 97 98 90 90 94 
73 83 99 104 100 103 140 165 164 163 164 160 170 170 168 166 171 177 177 176 174 177 178 185 183 184 191 189 188 191 192 197 194 58 53 53 62 197 200 202 204 202 204 200 199 204 203 204 200 201 202 202 200 201 199 205 204 201 199 198 199 200 197 198 196 199 198 195 196 197 195 196 188 182 113 99 103 100 95 102 101 95 96 99 96 96 92 91 86 95 
79 89 103 102 100 125 129 166 162 164 163 169 172 176 170 174 177 181 186 185 191 193 196 194 196 197 200 200 198 199 197 200 196 56 51 55 63 204 201 201 205 204 201 201 201 201 204 201 201 202 204 208 202 202 201 204 202 202 199 200 202 201 198 199 200 199 200 194 197 197 196 192 189 187 170 150 99 105 101 100 102 95 101 88 99 101 91 90 95 94 
82 97 105 107 114 158 169 176 177 179 183 188 191 191 192 191 195 197 195 195 194 197 198 195 195 199 199 199 198 197 202 202 189 49 54 55 59 199 199 201 203 205 202 201 201 202 205 201 200 201 202 204 201 202 204 205 205 202 201 204 202 202 200 198 200 200 197 197 196 198 198 195 191 192 188 185 109 101 103 104 102 96 95 100 98 97 92 96 98 95 
86 101 106 108 166 183 189 189 189 190 190 195 195 192 193 194 196 196 195 196 198 197 197 196 196 198 199 200 198 198 200 201 140 51 51 54 62 199 201 201 204 206 202 203 206 204 204 201 205 205 205 206 201 202 208 208 201 204 202 203 204 201 199 200 201 201 197 197 198 198 195 194 192 192 188 188 167 99 112 105 105 94 97 101 99 96 96 92 93 96 
89 105 113 137 180 186 189 191 189 188 192 197 195 193 193 194 196 197 194 195 197 197 193 194 195 198 201 198 199 198 202 200 110 53 53 57 66 200 202 204 209 202 202 201 205 205 205 202 202 205 205 202 200 200 204 208 201 202 201 204 203 201 198 202 201 201 197 197 199 199 196 188 187 191 191 185 185 154 105 106 93 97 99 100 101 93 91 92 95 94 
66 103 116 170 181 187 190 191 191 189 195 195 140 194 192 194 195 193 194 195 198 197 195 196 195 197 200 197 199 202 202 199 70 51 55 54 89 197 200 204 205 200 202 203 208 205 204 201 201 205 206 204 201 200 208 204 202 201 205 203 203 200 199 203 201 203 200 197 198 197 194 191 189 192 191 187 183 177 105 102 102 91 99 105 100 95 91 67 94 96 
99 107 146 180 184 189 190 186 189 189 195 194 194 195 191 196 196 195 197 194 199 199 196 198 199 199 200 196 199 201 202 196 56 52 57 56 4 199 202 204 204 202 202 201 203 208 202 204 207 204 206 203 202 205 206 205 200 202 208 205 201 200 200 201 201 199 198 197 200 198 195 195 193 194 191 187 187 176 165 101 101 96 102 99 101 99 95 101 99 89 
102 122 168 180 184 187 190 188 191 128 195 195 193 192 192 197 196 194 194 197 198 195 195 197 199 201 201 198 200 200 201 188 53 51 54 54 134 199 201 205 205 202 200 204 208 205 205 203 205 206 206 201 204 205 206 200 201 201 201 204 201 201 200 202 200 199 201 192 200 198 197 195 194 196 193 188 186 183 102 88 98 96 104 100 101 97 97 101 97 87 
99 139 181 185 186 186 187 191 192 189 192 191 192 194 193 194 193 195 197 196 194 199 198 198 197 197 209 208 202 200 200 187 56 51 50 54 116 205 202 201 204 204 205 201 201 204 205 206 202 204 208 205 208 202 204 206 205 204 201 201 204 202 201 199 200 202 201 197 200 195 198 197 195 190 189 184 187 180 125 134 94 102 94 94 101 103 102 95 90 93 
111 167 186 185 185 187 188 191 191 190 192 193 195 195 194 193 197 196 197 195 194 197 197 197 197 199 205 206 197 199 198 163 55 49 50 49 127 204 201 202 200 205 208 200 204 205 205 209 202 204 205 205 209 202 203 205 208 203 201 201 205 208 200 201 196 201 202 199 198 199 199 196 194 187 185 187 188 185 144 147 115 96 97 95 101 100 96 97 91 91 
150 177 185 186 186 187 185 191 192 191 189 196 196 196 195 194 196 199 196 195 194 198 197 196 198 195 196 198 201 198 199 133 56 50 49 55 136 201 201 202 203 205 206 202 201 206 208 204 203 200 205 206 202 202 204 205 205 204 202 200 204 205 200 200 201 201 202 199 196 199 200 193 196 193 193 193 188 185 188 183 170 94 96 97 102 99 93 91 95 93 
165 182 184 186 186 187 190 192 193 193 192 194 195 194 192 194 197 197 197 195 196 196 197 197 196 192 200 198 201 198 198 106 56 51 48 54 142 200 202 201 205 205 201 201 202 206 209 202 205 193 205 204 202 204 208 205 204 200 202 204 205 204 201 199 202 203 202 199 199 199 199 195 195 194 194 193 191 186 184 186 180 115 93 103 104 98 98 96 93 86 
165 184 186 186 186 188 191 190 191 189 191 194 196 193 193 196 195 195 194 193 195 197 198 197 197 201 201 201 199 197 198 75 46 49 49 56 146 200 201 200 206 205 202 202 205 205 206 202 202 206 205 205 202 202 208 206 204 203 202 205 209 200 201 200 205 203 200 198 199 200 200 197 196 197 195 194 189 188 188 188 185 120 96 101 106 96 97 95 96 83 
165 183 186 185 186 188 192 192 192 192 193 193 196 193 195 197 197 196 195 193 197 197 193 197 199 201 201 198 197 199 196 60 49 49 47 53 143 201 201 206 205 204 202 204 205 206 205 204 203 204 208 204 204 201 205 207 202 202 204 204 205 201 200 202 202 202 200 199 192 199 200 197 197 198 196 194 192 188 189 187 183 163 146 99 101 97 93 95 94 87 
161 179 185 186 186 190 190 192 190 189 191 195 195 194 194 196 197 194 196 193 198 196 196 197 197 201 201 199 198 193 191 57 50 49 56 55 178 202 204 205 205 221 201 206 208 205 203 204 204 205 205 202 200 201 204 209 203 204 204 205 206 204 202 202 203 202 200 200 200 200 202 197 197 197 195 191 191 189 191 187 183 183 180 133 101 97 91 99 97 88 
164 178 186 185 187 191 191 140 189 191 194 196 194 195 196 197 196 194 196 195 197 198 196 198 192 201 201 199 200 202 179 54 50 50 53 54 138 203 204 205 205 201 201 201 208 208 203 204 204 205 204 201 202 205 205 209 202 202 205 205 201 200 199 202 204 199 199 198 200 202 198 197 196 197 196 191 193 192 191 190 185 184 184 175 100 95 91 96 96 80 
161 179 181 185 186 190 191 190 192 189 194 195 191 192 194 196 197 194 195 199 198 199 197 198 200 201 199 198 199 202 163 48 49 48 53 55 204 200 203 209 208 204 205 205 205 205 201 204 205 204 205 200 201 202 202 195 184 183 169 163 134 106 82 81 206 199 200 197 201 200 197 197 198 198 197 192 192 192 190 189 187 184 184 181 127 93 99 99 94 80 
146 164 182 188 189 188 188 191 194 188 191 192 195 196 194 194 196 195 195 193 197 195 200 200 198 201 201 202 202 201 167 52 52 48 47 51 194 202 202 202 202 205 204 200 199 196 194 187 182 165 143 132 122 99 86 73 59 58 49 51 54 54 49 51 169 203 203 199 200 198 200 200 196 196 195 195 195 190 187 187 188 187 184 181 174 98 101 93 90 83 
133 162 182 186 185 187 188 181 176 169 179 182 188 187 186 185 191 189 187 189 188 193 194 199 198 198 202 204 200 199 140 52 51 50 49 50 202 204 202 202 202 204 200 85 79 69 66 59 53 52 57 53 54 50 48 55 53 49 51 49 53 53 49 49 116 200 200 199 199 192 200 201 197 197 197 196 195 191 191 191 191 185 184 181 180 155 95 91 86 84 
122 153 179 186 188 187 186 93 64 57 61 68 71 74 67 69 73 71 70 68 65 74 81 80 199 196 200 201 200 197 113 52 51 46 46 59 211 202 202 201 209 203 195 52 50 52 54 48 49 50 55 52 47 49 49 52 52 50 48 51 53 54 48 50 99 203 202 199 199 202 201 200 198 197 198 195 189 190 192 192 189 185 181 182 183 174 99 92 85 83 
116 145 179 184 185 187 171 58 55 49 51 50 57 56 52 50 51 54 53 49 50 50 54 69 199 198 202 202 202 194 74 49 50 50 46 51 209 205 204 204 202 202 196 53 50 51 53 53 48 49 51 53 50 50 49 53 51 53 48 49 53 54 49 49 51 207 202 199 199 198 200 198 197 196 193 196 195 191 189 192 192 188 187 180 181 180 164 89 89 86 
105 137 168 182 186 183 115 55 56 50 50 51 54 54 51 50 54 56 53 48 48 52 53 104 195 200 201 200 203 191 55 52 53 47 46 50 208 204 204 202 204 205 196 51 52 55 53 52 50 49 54 52 54 49 49 53 53 48 48 51 53 53 50 51 58 199 202 199 198 202 199 199 196 196 197 196 195 192 191 193 192 186 187 182 184 183 174 98 88 91 
92 129 163 179 185 174 60 54 57 51 48 56 54 54 51 49 54 54 54 49 51 54 57 176 198 198 201 202 198 181 49 52 52 47 47 3 211 208 203 203 205 205 196 53 49 55 53 50 51 51 52 53 54 49 54 71 83 97 118 136 162 168 181 187 197 202 204 199 201 200 200 200 197 197 195 197 192 193 191 192 193 188 186 184 183 184 175 143 91 90 
81 0 153 175 181 137 69 63 59 53 54 56 57 56 51 51 55 56 49 49 52 54 58 200 197 203 203 203 201 166 53 50 52 49 48 77 208 206 204 204 205 208 188 68 75 90 97 92 104 112 134 149 165 181 130 197 202 199 200 203 204 205 200 200 205 202 200 200 201 201 200 198 197 196 196 196 191 192 131 192 193 187 188 184 182 183 175 153 104 97 
73 118 144 168 180 180 177 176 168 162 155 152 145 127 116 112 115 108 99 90 90 93 111 195 198 201 204 202 199 148 55 53 47 48 48 86 208 200 203 201 209 205 201 194 196 200 202 201 200 202 205 204 202 204 208 209 207 204 204 204 205 202 200 201 204 204 200 202 201 201 200 197 198 196 197 197 193 194 194 193 193 188 185 186 185 185 177 154 125 99 
