124 119 116 103 97 179 165 137 98 77 81 84 91 119 125 126 120 130 147 149 139 149 186 202 149 126 115 117 113 115 118 121 2 131 134 139 133 146 147 149 142 141 138 137 148 145 145 130 139 135 138 145 144 145 146 139 135 141 137 146 155 176 189 208 213 212 211 209 210 214 210 212 214 214 214 214 214 214 213 203 211 217 216 216 213 213 213 212 213 213 
106 116 125 125 120 142 120 106 106 113 99 86 101 165 182 195 202 201 202 202 203 210 208 205 196 177 150 139 145 134 128 118 113 117 115 115 121 121 129 127 132 136 136 147 145 140 129 139 140 139 146 146 146 145 141 141 135 135 141 147 149 147 146 147 155 168 185 200 211 214 212 210 213 211 209 211 212 211 202 202 200 215 216 214 212 213 211 214 213 211 
125 130 125 119 115 154 139 154 153 182 189 185 179 193 193 178 175 210 208 207 209 205 201 201 200 196 197 198 192 167 153 138 148 147 149 136 125 118 113 113 117 115 117 127 133 128 130 135 137 146 145 149 146 144 143 143 138 145 147 148 147 147 146 146 150 149 149 154 159 175 191 211 210 208 209 205 205 203 200 202 193 209 209 202 202 210 211 213 214 212 
120 127 130 7 147 182 183 184 194 200 201 197 205 211 213 210 154 164 208 205 203 204 210 209 210 209 204 201 201 202 203 198 182 150 144 135 141 152 147 134 115 114 112 115 111 117 121 121 127 132 131 136 141 145 145 148 141 138 138 146 153 151 149 147 141 141 146 147 154 151 146 152 166 190 205 212 208 205 204 202 202 209 205 206 203 207 207 207 208 209 
130 165 186 181 185 193 197 202 201 211 208 196 196 205 210 209 211 201 157 127 190 215 212 212 214 212 212 212 210 210 209 208 207 207 204 188 168 141 145 146 138 144 134 177 119 115 115 106 114 117 112 121 127 127 135 134 137 132 137 147 147 146 143 144 144 144 154 149 149 147 146 145 144 149 154 166 187 202 207 209 209 210 205 205 202 203 205 202 208 203 
187 193 189 179 168 173 157 166 197 195 198 192 197 211 213 213 212 210 209 209 195 132 198 217 216 213 216 212 216 214 216 213 211 210 209 210 211 211 193 166 138 131 134 145 142 160 135 115 117 114 114 119 117 115 118 119 118 127 128 139 142 136 135 138 128 145 145 147 149 147 149 146 150 148 150 153 150 154 162 182 183 211 210 205 202 201 202 205 205 202 
162 161 151 150 144 144 138 138 198 198 198 195 198 210 212 214 212 213 214 212 212 212 166 131 196 217 219 217 217 215 216 215 216 216 213 212 213 211 211 211 209 178 148 136 139 144 148 149 147 141 122 113 111 117 115 120 115 114 114 115 125 125 134 0 128 129 134 139 145 147 147 141 145 143 144 151 159 158 159 150 149 164 189 205 202 205 202 199 199 197 
155 151 146 128 144 141 137 147 165 198 198 197 205 210 216 214 213 212 211 211 213 215 217 216 156 8 197 216 217 220 219 219 217 215 214 213 213 217 213 212 209 210 209 203 191 153 142 146 140 145 150 150 149 137 116 115 106 116 116 120 115 114 113 103 107 120 130 142 137 143 146 155 150 150 149 148 154 157 153 155 152 149 144 145 164 191 206 210 203 200 
154 152 148 145 143 140 136 144 153 208 202 192 201 214 214 217 215 214 216 214 214 217 217 219 221 212 148 139 213 217 220 219 220 219 215 216 216 218 216 217 215 212 210 210 209 214 212 206 209 213 183 166 153 150 152 154 133 114 118 116 116 116 107 99 103 102 106 120 127 132 147 143 146 145 152 155 155 154 154 149 147 144 144 139 146 132 152 180 195 205 
149 145 146 141 138 138 142 148 149 172 203 200 203 210 216 218 214 213 214 215 216 218 219 221 222 220 219 206 126 141 204 218 208 217 216 216 217 218 219 220 220 220 225 221 222 228 229 224 226 225 226 217 167 156 148 140 147 152 146 137 115 115 101 102 100 106 117 118 119 116 119 128 132 142 147 152 147 148 148 148 146 148 139 136 136 139 137 133 145 168 
146 145 137 139 134 131 148 139 144 150 193 200 203 212 213 219 214 212 213 215 222 217 219 218 219 218 219 219 217 205 132 126 158 222 223 226 225 226 228 227 228 227 229 228 227 229 228 226 226 225 226 225 221 205 171 147 135 104 114 166 176 157 137 104 105 115 115 116 118 107 115 116 120 127 134 145 136 144 145 145 151 148 141 132 132 133 140 147 138 138 
138 136 132 136 133 138 147 147 130 147 165 201 207 213 211 213 212 211 212 212 214 216 217 216 218 217 219 218 222 224 220 196 91 122 219 229 227 227 228 228 226 227 230 230 228 226 225 226 225 227 227 224 192 220 219 202 144 142 146 141 148 148 149 158 165 130 118 114 112 106 115 115 116 116 123 121 131 133 138 150 147 146 139 134 130 128 142 138 136 128 
135 139 137 139 134 134 139 143 135 153 158 203 204 206 210 209 211 213 222 214 214 217 218 217 217 210 213 217 219 220 224 221 191 96 114 225 226 228 228 227 227 228 228 229 227 228 226 227 226 227 223 225 222 220 221 216 218 192 152 146 146 142 146 140 150 153 191 155 139 122 114 112 107 114 117 123 126 122 130 130 136 136 137 136 131 131 134 132 135 136 
123 132 132 127 131 129 135 149 136 151 149 149 206 205 209 212 213 213 214 212 212 212 216 215 217 217 218 218 219 221 224 225 222 200 96 103 212 226 227 228 227 227 227 228 229 231 228 227 224 224 225 224 224 222 224 221 221 219 218 190 147 138 138 138 138 144 149 153 159 149 134 113 114 118 118 119 126 121 120 124 127 123 123 128 123 127 126 130 135 133 
118 126 125 124 103 139 138 147 137 144 154 144 203 213 212 212 210 206 211 214 211 213 214 215 215 218 218 218 220 222 223 223 224 226 202 103 107 219 227 228 228 227 229 227 230 228 228 227 225 226 227 226 225 221 221 221 219 221 220 221 217 167 141 136 131 138 146 148 147 150 147 155 146 146 116 127 115 116 120 124 124 122 117 114 115 121 252 130 129 125 
107 120 135 134 103 131 134 145 141 149 154 151 210 196 210 210 208 210 214 211 211 212 211 216 216 220 216 220 219 223 222 224 226 226 223 129 96 152 232 227 227 228 227 225 227 227 228 228 227 225 224 225 225 223 223 221 221 220 218 220 219 208 150 129 137 135 136 141 144 148 154 145 147 132 149 129 120 123 117 117 116 107 115 113 116 113 119 122 121 123 
110 120 135 124 108 127 133 148 141 147 131 143 197 211 211 211 209 209 209 210 210 211 214 215 217 218 216 221 220 222 223 224 224 226 223 203 106 104 195 227 227 225 226 225 227 228 228 227 227 225 225 224 226 224 222 221 221 219 219 223 221 219 205 144 138 142 141 148 144 146 148 147 150 164 141 146 126 119 123 116 118 115 115 113 97 116 115 118 122 122 
105 120 126 131 107 133 136 146 139 146 139 145 186 214 211 210 206 209 205 210 212 214 214 214 216 218 219 219 222 222 222 193 222 225 227 227 149 101 130 227 226 224 224 226 227 226 228 225 225 226 226 226 223 192 222 221 220 220 222 220 220 219 217 194 138 142 146 139 129 142 143 147 150 154 146 147 141 120 123 123 118 116 114 103 105 113 114 116 116 118 
104 107 123 128 118 138 132 138 134 139 139 139 152 216 212 211 206 209 208 212 213 213 215 216 214 218 216 221 223 222 221 224 222 226 226 226 206 91 95 163 222 225 226 226 224 225 224 226 224 226 226 226 192 222 222 222 225 224 222 220 220 219 219 216 188 147 148 139 137 141 147 138 157 152 154 152 139 131 120 125 119 115 107 111 102 105 118 117 115 120 
98 116 127 112 130 126 123 141 139 145 147 129 150 214 211 209 206 210 205 208 212 214 217 218 218 219 216 220 219 220 224 223 224 224 223 222 216 117 97 125 210 224 221 225 225 226 226 227 227 224 226 225 226 225 224 224 223 224 222 223 221 221 221 219 213 153 150 148 147 147 139 141 165 151 151 154 155 154 126 120 115 115 116 114 107 104 106 115 103 107 
91 114 122 114 124 120 132 139 139 146 138 133 152 218 215 211 209 205 205 208 212 215 216 216 218 217 218 218 220 219 221 224 220 218 223 255 225 184 100 93 190 225 224 227 224 224 227 226 224 223 227 224 227 226 223 222 224 223 225 222 222 223 221 219 217 213 150 146 147 141 138 138 128 146 148 149 148 150 151 137 142 130 114 114 102 106 106 114 106 114 
90 96 116 104 129 130 130 140 135 137 141 136 151 213 213 211 206 205 208 208 212 216 218 214 216 214 218 220 219 220 219 218 222 220 222 224 221 215 99 98 134 225 225 224 224 208 224 225 226 224 226 228 227 223 225 225 226 227 226 225 221 221 221 221 220 219 196 148 138 142 139 139 140 145 150 150 147 154 154 152 149 131 138 105 102 105 116 117 116 108 
90 104 117 100 131 123 130 138 146 147 151 139 155 215 213 211 209 210 206 208 212 213 216 216 218 217 216 216 216 216 218 221 219 218 219 219 219 221 128 97 114 228 222 223 224 223 225 225 224 224 225 224 227 229 227 224 224 224 226 224 224 223 223 221 222 218 210 168 142 147 139 138 143 141 147 150 152 154 152 148 144 134 125 137 118 106 106 106 104 108 
85 103 116 91 124 122 126 142 139 148 143 138 139 215 211 214 212 192 206 207 206 212 216 218 216 215 215 215 216 218 217 218 216 219 218 219 220 222 188 64 91 183 220 227 226 225 224 223 226 224 255 226 224 228 225 226 225 225 224 227 225 223 219 221 218 221 219 211 155 148 141 141 138 148 147 152 149 148 147 157 148 147 131 119 130 119 116 106 115 110 
84 68 111 84 134 130 131 139 138 139 137 136 147 218 213 214 209 208 206 205 206 212 214 214 212 216 214 217 216 218 216 214 215 216 218 219 218 220 216 101 92 121 226 226 227 224 224 223 226 255 225 228 226 227 225 225 227 225 226 225 192 223 220 220 221 221 221 220 209 149 142 139 144 145 146 149 146 144 146 151 151 148 147 125 114 128 114 118 114 108 
81 104 114 98 125 122 128 133 138 143 148 142 165 211 210 210 211 208 209 202 206 206 210 212 213 216 212 212 214 213 216 213 217 217 216 215 218 219 223 198 85 88 154 224 224 226 224 223 194 224 224 224 227 226 229 227 227 225 224 253 225 224 224 219 220 221 221 222 221 218 152 134 136 139 148 150 149 150 144 141 144 142 147 146 139 124 132 106 104 108 
78 107 118 120 123 122 129 132 142 139 143 138 179 209 213 212 209 210 202 202 202 203 210 210 210 210 211 210 212 211 214 214 215 214 216 218 220 219 221 220 151 87 88 200 226 226 226 193 224 225 222 224 224 226 228 225 226 226 225 225 224 225 224 225 221 221 222 222 220 222 217 181 142 150 152 150 148 142 144 139 138 140 145 147 138 131 134 126 109 107 
75 117 116 121 124 126 124 130 135 139 134 134 152 211 210 211 209 205 202 202 206 205 207 210 210 210 209 209 211 213 213 211 213 215 214 219 220 221 219 220 211 89 87 96 216 227 225 223 223 222 224 225 224 192 223 224 228 227 227 226 228 225 225 222 224 225 225 224 223 219 221 217 194 149 145 146 147 146 147 156 137 134 135 131 134 140 144 153 136 126 
74 76 121 120 123 126 128 129 128 125 134 132 148 211 210 210 206 205 205 202 203 203 210 205 210 208 210 209 210 215 211 212 214 215 218 220 222 222 220 219 219 177 88 94 116 224 223 223 223 226 225 227 226 224 222 224 225 231 229 226 226 227 226 225 226 226 227 225 222 224 220 221 221 198 150 148 147 141 141 145 164 138 94 132 130 138 146 138 147 140 
73 71 130 122 117 124 119 187 137 131 142 131 187 203 202 210 210 209 209 205 203 203 204 206 211 208 210 209 209 211 214 214 217 216 216 220 219 221 222 220 220 215 94 77 91 213 226 226 225 224 226 224 225 227 225 255 222 226 225 227 228 225 226 223 225 223 224 225 224 222 220 221 221 218 215 150 148 153 138 139 140 153 150 145 140 137 139 147 135 134 
72 67 4 116 116 120 127 121 130 124 125 133 212 202 210 210 210 210 209 205 203 205 210 206 211 210 206 211 210 214 214 216 216 216 216 219 220 220 221 222 220 219 192 89 90 100 227 225 226 225 226 226 227 227 227 226 227 227 226 228 229 228 227 225 226 227 228 227 224 223 221 221 221 221 221 217 168 146 145 142 139 139 137 146 146 143 134 135 136 133 
70 65 73 107 113 114 116 116 125 123 130 138 208 210 210 207 192 208 205 208 210 205 206 206 203 209 207 211 212 212 214 214 215 218 218 218 221 221 221 223 220 220 216 90 77 97 131 225 225 225 228 227 227 224 226 226 225 224 226 228 229 225 227 226 224 228 227 225 225 225 224 222 222 224 220 221 219 193 144 146 137 138 136 138 142 138 137 139 135 136 
62 65 114 117 106 104 105 115 127 126 133 203 202 203 208 208 209 212 211 208 206 203 205 206 209 211 211 212 212 211 214 215 218 218 217 218 218 217 222 221 220 219 219 119 75 88 91 223 194 227 226 226 224 225 227 226 226 224 225 226 228 227 228 227 225 226 226 227 226 225 226 222 220 221 222 215 221 218 186 142 134 134 147 142 146 146 136 132 131 166 
67 55 125 96 100 104 112 118 125 128 135 211 201 207 207 209 208 209 206 205 205 206 210 206 206 206 209 210 211 211 214 214 216 217 216 218 217 219 219 219 216 219 221 206 91 78 89 147 227 224 226 224 228 226 228 227 225 226 224 228 227 229 224 227 225 226 226 223 227 225 221 221 222 255 224 222 223 220 213 178 141 146 142 142 147 140 137 132 132 129 
64 57 108 102 104 105 112 119 131 132 134 209 205 207 209 209 208 208 206 209 206 210 210 206 205 209 205 211 210 212 212 214 213 216 217 218 219 219 219 219 219 220 220 223 157 73 77 84 219 224 225 228 227 227 225 225 226 225 228 226 226 224 224 226 222 226 226 226 226 224 224 224 255 225 225 220 221 221 217 216 194 145 148 144 142 139 138 134 133 128 
64 54 102 101 105 108 117 122 4 130 207 201 207 209 206 210 210 209 206 206 210 210 211 206 202 202 206 210 211 210 214 213 216 214 216 218 219 219 219 219 220 219 224 222 218 90 74 75 88 223 226 226 226 224 226 226 226 228 228 227 227 222 225 224 227 225 224 223 221 223 221 221 226 225 226 221 225 222 221 220 221 218 155 146 140 140 143 138 133 130 
51 60 107 99 112 116 118 121 130 183 206 206 203 206 203 207 208 210 211 208 208 211 206 206 206 206 206 209 211 210 214 215 215 217 216 218 217 218 219 221 221 220 219 221 218 180 81 86 80 153 222 224 226 226 226 226 226 225 225 226 226 227 225 227 225 224 221 225 223 224 192 221 220 222 221 224 223 224 224 220 222 219 219 199 150 148 138 131 127 134 
59 69 102 103 104 116 120 125 134 202 204 199 203 203 221 209 211 210 206 205 203 206 210 210 209 207 205 208 211 214 215 216 216 214 215 218 219 220 220 219 221 220 221 220 222 218 83 78 72 80 225 237 225 226 226 225 225 225 224 226 227 226 225 226 223 225 225 227 225 223 223 221 220 220 224 223 225 221 222 222 220 222 221 217 208 159 146 138 138 134 
58 70 96 100 104 117 122 123 203 197 198 198 199 200 204 210 206 203 203 207 208 207 211 210 210 205 208 208 211 215 214 215 214 215 216 217 218 219 219 220 219 221 220 221 223 221 182 74 70 72 119 228 225 224 225 223 224 224 226 226 226 227 223 223 222 225 226 227 226 223 222 222 224 224 226 223 221 222 221 221 222 222 222 222 218 215 180 155 144 138 
60 85 83 84 87 101 119 168 196 199 198 200 199 204 206 205 203 203 203 207 210 210 208 209 205 205 205 205 210 213 214 214 212 215 214 218 220 219 218 218 221 220 222 222 221 222 219 83 72 72 81 198 223 224 224 227 225 226 224 226 226 225 225 225 225 226 227 226 226 224 224 225 226 225 225 209 222 222 222 222 224 224 221 219 220 217 216 209 157 147 
74 83 83 84 82 91 123 194 195 199 198 201 198 201 201 209 207 210 210 205 205 202 206 211 211 206 193 205 206 211 212 216 214 217 214 216 216 216 218 219 219 218 220 221 220 220 219 76 72 72 69 83 224 224 225 226 223 226 224 227 225 227 225 224 226 226 225 226 228 226 227 226 224 227 255 226 222 225 224 221 221 220 222 222 222 219 216 216 209 163 
81 82 82 66 81 90 187 194 196 197 198 198 200 202 200 204 206 210 202 202 205 205 209 211 211 208 205 203 205 209 211 212 216 215 213 215 216 217 219 219 217 218 218 218 221 221 219 117 66 63 72 74 211 225 225 224 224 226 224 226 226 225 225 224 224 224 226 227 228 228 223 224 224 224 226 225 225 225 222 224 222 224 221 222 220 219 214 212 213 214 
69 78 75 74 80 117 184 191 193 194 192 197 199 200 202 203 206 203 203 203 205 209 211 205 209 203 208 206 209 210 210 214 213 214 216 216 216 216 218 215 217 219 218 219 222 220 219 199 68 67 72 72 104 226 222 223 225 224 227 224 226 225 223 225 222 226 226 227 229 224 225 226 227 226 226 225 211 227 221 223 223 224 222 223 219 217 217 217 215 209 
70 75 70 75 90 155 175 189 192 190 192 194 197 200 203 205 202 203 203 205 211 206 211 209 207 208 210 209 211 209 212 213 213 213 213 217 217 218 208 216 216 218 218 218 219 220 220 208 74 64 76 72 73 207 219 224 224 227 227 226 227 226 224 226 226 226 226 227 226 225 226 225 228 225 225 224 224 224 224 226 224 224 194 219 219 217 217 219 213 209 
67 78 75 101 127 155 166 183 189 192 195 197 196 195 200 203 202 205 206 201 203 203 205 210 209 211 208 208 209 210 212 213 213 215 214 215 213 212 216 217 218 216 217 218 217 220 218 213 83 64 68 69 68 192 222 226 222 221 224 226 226 226 226 227 224 225 223 226 228 226 228 225 224 225 227 228 227 226 222 224 222 223 224 222 221 220 216 214 211 201 
68 73 82 84 139 157 170 183 190 193 194 195 193 197 200 202 204 203 200 203 202 206 209 207 210 210 208 212 208 206 209 213 213 213 213 213 214 214 215 217 216 216 215 217 219 218 219 218 141 62 64 67 72 115 229 222 224 225 224 227 226 227 225 225 224 225 225 226 226 225 226 225 226 224 228 227 227 225 225 222 223 224 224 223 222 218 215 214 216 199 
68 76 74 116 137 153 170 183 189 192 191 193 195 201 200 201 202 202 202 202 203 208 211 209 193 209 208 210 209 211 209 211 213 213 212 221 213 216 217 216 213 216 217 220 218 220 220 219 196 68 66 66 70 83 221 222 224 224 225 225 227 225 225 224 222 224 225 225 226 223 225 224 224 227 227 227 225 226 226 224 226 224 225 192 220 219 218 217 213 193 
66 68 77 124 139 154 169 184 188 189 190 191 194 198 198 201 199 200 201 202 206 210 206 210 208 208 210 211 210 211 209 207 212 211 212 216 213 215 212 214 215 217 216 217 220 219 218 219 206 75 67 68 65 69 218 223 224 229 228 226 224 225 226 225 225 225 224 194 226 224 224 239 225 227 226 225 226 225 224 226 226 226 223 221 219 218 218 216 212 187 
66 78 121 131 137 154 166 184 187 189 192 129 192 193 200 200 202 202 202 201 203 205 223 207 210 211 211 211 210 210 209 212 211 210 212 211 214 215 216 215 218 214 216 217 218 220 221 220 213 66 61 69 67 74 214 192 221 224 225 227 226 227 227 225 225 221 224 225 226 226 208 225 222 224 228 228 226 194 224 225 224 254 223 222 223 216 218 214 202 180 
73 73 125 125 141 147 166 179 186 191 128 188 193 191 199 199 199 201 202 201 203 211 210 210 210 206 203 210 211 211 211 208 211 210 215 213 215 216 216 217 215 214 217 216 220 219 220 218 217 77 61 66 66 68 125 224 222 222 225 227 225 226 224 225 224 225 226 226 226 210 225 224 224 226 227 226 225 222 226 224 226 226 224 222 220 219 217 213 206 165 
69 94 114 128 143 155 167 178 184 187 186 188 192 193 198 196 192 202 200 203 203 207 207 209 206 207 209 209 211 211 209 209 209 209 213 214 214 213 214 214 215 216 216 218 219 219 218 219 217 104 67 68 64 68 75 222 222 225 224 225 226 221 223 224 224 227 223 227 224 224 224 226 227 226 226 226 225 226 225 225 227 223 223 220 220 218 217 216 197 153 
74 99 118 133 141 158 171 176 179 183 185 186 190 193 195 197 197 198 198 206 206 206 210 205 205 205 209 211 211 211 210 209 207 208 213 214 213 215 214 213 214 217 218 219 218 218 218 219 218 196 65 68 64 61 64 210 224 227 225 226 223 224 222 225 227 226 226 214 224 223 222 227 225 224 196 225 225 225 226 225 227 225 222 221 218 217 216 215 195 128 
90 110 125 139 139 155 164 177 182 184 187 188 188 192 195 199 198 199 197 202 201 201 206 210 210 210 209 210 209 209 212 210 211 209 213 214 214 215 216 216 208 215 216 217 217 219 221 220 217 191 62 60 63 66 73 182 220 220 221 224 224 223 194 224 224 221 224 227 225 222 224 224 224 224 227 228 225 225 223 226 221 226 225 223 192 218 216 208 167 123 
87 105 123 133 144 154 168 178 179 186 182 186 185 190 194 196 199 197 195 201 201 206 210 206 211 208 208 209 211 212 213 210 209 208 211 212 214 215 215 212 214 216 216 218 219 219 218 217 215 198 63 66 62 63 64 110 220 220 221 222 224 223 222 225 223 226 223 225 226 223 222 224 223 226 225 226 224 225 225 224 224 222 225 220 221 218 214 201 166 103 
86 72 118 131 145 153 167 176 180 180 184 184 186 192 192 196 194 196 196 200 204 204 206 210 203 208 208 211 212 211 213 209 208 209 209 214 213 216 214 216 215 214 216 217 217 218 217 217 214 205 75 64 64 61 62 71 222 222 222 221 193 224 223 224 226 224 227 225 220 225 224 224 226 225 226 224 224 223 225 226 223 225 192 222 219 218 216 198 152 95 
83 108 123 137 139 155 166 168 179 179 186 178 188 191 192 196 197 199 201 200 203 202 204 211 211 209 209 209 213 212 211 211 210 211 209 210 212 218 216 217 215 215 216 215 216 218 218 218 218 205 68 59 64 64 67 71 221 220 220 219 223 222 225 225 223 220 223 225 223 227 192 222 223 223 225 225 224 226 225 223 220 220 224 222 221 218 212 182 122 86 
78 99 126 139 147 156 166 165 178 178 185 185 187 189 189 192 195 198 200 198 200 201 202 206 211 212 209 210 212 209 212 213 211 213 211 209 217 212 217 215 216 213 214 216 215 216 218 218 218 206 64 59 64 65 64 72 212 219 219 221 223 223 225 253 222 223 221 224 226 225 193 221 224 222 254 225 225 225 223 223 224 222 224 222 220 208 208 165 103 82 
74 99 123 129 144 156 165 171 178 176 183 182 185 190 190 195 195 199 199 198 200 202 204 206 210 193 206 211 211 212 214 214 212 209 210 207 208 214 216 216 214 212 214 216 217 219 217 216 216 203 64 60 65 63 65 66 171 218 220 222 221 224 221 221 221 223 226 225 222 224 223 221 222 225 224 226 222 224 223 224 221 222 225 222 217 216 203 152 97 82 
75 99 115 130 146 156 167 171 180 180 179 182 186 187 193 191 193 191 195 197 200 203 206 206 210 203 209 208 212 212 212 213 211 210 208 209 209 212 214 213 214 214 216 216 218 216 218 216 214 205 86 65 63 61 61 64 105 218 221 222 222 222 220 221 221 224 224 224 192 222 223 220 238 222 222 224 222 222 224 222 222 222 221 220 216 213 194 149 89 72 
73 82 107 133 139 156 165 171 177 174 177 180 188 190 193 195 190 193 195 198 201 202 202 203 202 206 205 211 209 214 212 210 211 211 208 210 210 211 213 214 214 214 216 215 217 218 214 215 215 211 71 65 63 56 60 59 70 217 220 220 219 218 220 220 222 220 222 192 222 221 223 225 223 224 224 223 223 222 221 225 225 223 222 218 218 211 192 127 82 70 
