134 127 127 128 2 124 135 129 136 138 139 141 143 149 130 159 149 153 149 148 145 141 146 145 144 150 153 150 153 157 164 157 164 163 164 156 160 156 156 149 130 15 147 134 129 100 97 122 2 128 117 123 250 127 124 106 89 103 102 101 114 114 109 123 103 113 171 206 217 213 214 205 202 210 210 214 212 215 209 210 197 212 210 212 213 210 207 205 202 201 
105 118 123 125 123 132 134 145 138 145 147 149 163 166 165 156 155 158 152 168 174 187 197 199 197 196 193 189 187 187 188 187 187 183 187 185 188 192 191 191 129 189 189 191 189 175 146 141 137 129 132 129 146 146 138 129 104 105 104 125 110 113 114 105 114 104 117 121 146 196 210 208 211 206 211 211 210 211 211 210 209 201 212 212 208 208 205 204 201 205 
106 120 126 130 131 140 162 178 185 193 194 195 199 198 196 195 192 192 185 180 180 191 198 199 198 198 196 193 195 197 199 197 193 194 195 192 195 190 165 156 168 187 195 198 196 189 189 194 200 201 196 180 143 138 132 126 147 157 213 117 135 112 104 104 104 120 123 132 138 131 130 179 203 216 213 208 209 209 207 208 211 211 213 209 208 207 205 203 200 202 
121 0 139 169 181 187 194 200 177 157 175 180 175 180 186 196 196 198 199 196 203 199 195 194 191 191 191 195 197 198 196 196 197 196 199 197 198 197 198 195 198 191 156 153 194 191 190 193 199 201 202 206 203 196 169 131 135 187 221 107 171 123 105 104 96 129 135 146 137 134 135 139 137 157 201 210 211 208 204 208 209 209 208 205 205 208 201 191 185 208 
169 182 195 195 199 196 200 199 202 200 201 201 197 197 193 165 139 126 147 155 157 153 150 152 154 151 153 146 147 161 177 205 200 199 196 196 199 198 198 198 197 199 198 192 98 171 193 200 203 200 200 199 201 202 205 200 184 174 168 134 125 118 107 105 105 133 135 141 136 139 145 138 135 136 251 163 202 209 193 203 203 201 206 200 209 209 201 199 199 200 
190 182 196 194 195 195 196 196 195 186 176 163 161 155 153 159 154 152 148 144 141 145 147 147 143 147 143 137 140 141 148 214 209 208 211 205 208 208 210 209 209 201 201 198 89 138 205 209 204 203 209 207 208 209 211 209 208 205 166 137 148 139 116 105 101 114 133 133 141 137 134 136 138 138 146 137 131 139 183 202 201 200 206 202 203 200 201 199 200 201 
164 163 176 168 166 165 165 158 163 158 153 151 146 145 150 148 147 147 144 143 148 141 146 145 145 138 131 136 139 146 191 199 196 195 194 197 197 198 198 198 197 197 197 198 91 145 198 198 202 203 207 208 211 208 209 208 205 205 203 157 134 3 134 105 105 104 103 116 131 133 133 137 136 145 145 145 142 138 133 148 183 202 208 205 199 199 196 196 199 198 
164 162 166 156 158 153 151 154 151 147 147 149 146 145 144 149 142 139 135 138 135 145 146 142 137 134 134 135 133 181 197 201 197 197 199 197 199 200 199 200 200 199 197 186 93 149 198 201 202 205 205 209 207 208 208 210 209 204 207 201 146 130 125 130 117 105 107 101 98 117 121 130 137 141 144 138 141 137 137 137 129 149 188 209 201 189 194 189 189 197 
177 170 157 152 129 145 149 152 149 138 145 138 138 141 140 137 141 136 135 133 144 147 145 138 133 132 131 133 163 199 200 192 198 196 199 201 198 199 203 200 197 200 198 193 91 133 200 202 202 207 210 210 208 211 209 209 205 221 205 210 201 156 128 128 255 132 106 104 101 99 104 124 133 141 141 145 133 136 136 129 138 138 132 144 188 200 197 195 189 193 
191 188 191 177 145 148 146 146 143 138 141 137 145 145 138 145 138 134 136 145 146 142 138 134 130 134 134 153 209 201 201 199 199 199 201 199 200 202 201 202 201 201 205 195 86 92 204 202 205 209 208 205 209 209 209 210 212 211 210 209 201 202 145 130 132 130 132 106 98 102 101 106 116 132 137 132 133 132 135 137 137 137 135 138 124 156 196 201 198 191 
193 193 193 191 141 143 141 141 146 139 142 136 138 136 136 138 141 139 128 131 133 132 136 131 138 138 153 205 201 201 203 203 203 201 201 202 201 206 202 205 203 201 202 189 92 93 210 209 205 207 205 207 210 209 212 208 211 210 211 211 209 205 198 137 128 125 129 132 117 113 102 101 102 107 129 138 137 135 136 136 132 136 138 145 139 129 131 177 195 199 
191 194 197 191 137 134 136 139 138 141 137 136 137 137 145 141 142 141 135 136 132 139 130 136 137 145 207 202 202 209 202 203 202 202 200 200 202 203 202 205 205 202 206 189 90 86 208 205 206 208 209 209 210 209 211 211 211 211 213 213 212 210 204 201 134 127 133 134 137 143 104 101 103 105 108 114 2 134 128 136 137 137 135 138 131 133 132 121 143 186 
185 198 192 184 138 136 145 138 142 133 138 136 135 139 149 147 145 137 135 136 145 134 139 138 143 212 204 204 205 203 205 203 202 202 204 203 203 205 203 202 206 203 205 201 86 88 150 208 208 209 212 210 211 211 210 211 212 215 215 216 214 210 208 208 196 145 134 131 0 130 155 113 106 106 114 109 101 113 127 132 137 136 137 133 133 131 130 133 132 125 
179 184 191 116 134 137 142 138 138 139 139 140 147 146 145 141 135 138 137 129 141 137 141 141 211 205 209 205 209 205 206 204 202 205 206 210 209 206 205 207 205 207 210 202 85 85 114 211 210 210 210 211 209 209 208 212 214 217 214 214 213 214 210 208 209 197 139 135 129 133 131 139 122 105 109 100 104 105 103 124 137 135 127 132 132 128 131 133 130 127 
166 183 133 140 134 134 137 141 149 146 145 139 138 141 141 145 146 145 145 133 139 138 147 205 206 208 206 209 206 206 208 210 209 204 204 203 206 208 209 209 209 208 205 199 89 87 120 214 209 208 210 209 210 210 211 214 213 215 213 217 215 214 213 211 207 205 176 131 130 130 130 133 137 120 105 103 107 106 104 103 116 179 130 136 135 130 127 128 123 124 
157 175 135 134 138 135 129 146 148 148 138 138 139 141 146 146 146 130 138 129 139 142 157 210 210 208 207 209 208 209 209 208 207 208 209 209 207 209 207 207 209 209 207 204 91 86 117 214 211 211 209 210 210 211 211 213 212 215 214 217 217 217 214 213 211 207 204 145 134 136 125 132 134 141 117 106 103 100 99 104 104 119 133 135 123 129 124 254 131 127 
152 136 147 138 141 139 145 149 146 141 139 137 141 146 147 151 128 141 138 131 141 141 194 207 209 207 205 208 208 207 209 209 207 207 207 209 209 207 192 208 205 209 209 210 130 85 103 210 209 212 213 211 210 209 209 211 211 214 216 217 217 215 213 213 215 212 208 187 131 128 127 129 129 141 135 106 103 102 102 103 106 106 128 125 127 128 255 131 131 127 
129 108 144 144 136 138 141 140 147 142 145 146 138 138 141 142 146 147 138 135 137 141 212 210 209 209 193 208 208 209 209 209 209 210 210 208 208 204 210 209 209 210 210 208 89 84 134 210 212 211 207 209 212 211 212 213 212 213 211 214 216 216 218 214 212 211 208 206 137 130 131 122 130 131 133 121 105 105 101 100 102 102 123 126 128 2 124 124 123 128 
113 122 133 136 129 136 137 140 146 140 144 137 136 137 145 145 141 145 133 139 139 180 211 210 212 208 208 209 208 208 210 209 209 209 209 205 208 210 210 210 209 208 209 207 116 82 135 210 210 210 206 211 211 210 210 212 211 214 214 216 216 217 214 213 213 210 211 209 163 1 127 123 123 132 131 135 107 101 104 99 102 103 106 114 117 128 130 126 129 130 
90 121 125 133 135 136 146 141 145 128 141 136 136 141 145 145 147 138 145 143 143 202 208 211 211 208 209 207 211 209 209 208 208 208 209 210 210 210 209 208 208 210 209 211 101 82 75 213 210 210 211 212 211 213 208 211 212 214 215 217 217 215 215 217 214 215 212 210 199 136 132 127 127 135 132 137 134 102 102 100 104 102 106 101 107 122 125 127 125 122 
96 105 125 132 136 137 144 145 136 137 135 136 147 147 145 146 144 137 143 157 153 216 211 211 208 209 207 209 209 210 210 209 207 209 209 209 209 208 209 208 209 210 213 208 92 79 102 211 209 213 214 212 212 209 210 210 212 214 216 216 215 215 214 217 215 214 213 208 205 150 129 129 130 133 133 138 131 117 98 103 103 105 101 101 100 114 125 127 126 122 
95 113 129 141 134 132 133 141 141 141 147 138 137 138 138 147 146 149 146 143 205 210 209 212 210 210 209 209 208 209 211 210 210 205 207 208 209 208 210 211 209 209 209 205 92 82 141 211 210 209 209 209 210 213 213 212 211 212 216 217 217 217 218 216 214 213 210 210 210 186 130 125 131 121 132 133 132 0 101 97 99 103 107 102 102 105 116 122 116 125 
90 106 1 133 128 133 142 145 148 138 138 139 141 139 145 146 138 139 145 147 213 211 211 212 204 208 210 210 210 211 209 209 204 209 208 206 211 210 210 208 209 211 210 210 102 82 137 213 211 211 208 208 211 214 210 213 210 213 215 217 216 208 215 216 215 216 215 213 213 205 150 130 130 126 129 141 129 131 120 102 104 103 105 105 100 101 104 120 121 122 
91 101 124 135 137 141 145 145 145 138 136 137 141 146 141 147 129 137 141 175 209 211 209 210 209 209 209 210 211 210 209 207 208 208 210 210 211 210 211 209 207 207 209 211 121 84 99 210 210 211 212 213 212 212 210 212 214 214 215 217 219 215 217 215 216 215 216 213 213 210 195 132 133 131 130 92 125 133 129 112 103 104 104 98 95 102 102 120 125 124 
85 113 129 146 135 137 141 135 142 147 145 128 138 137 141 141 146 146 149 211 205 208 210 210 209 209 211 209 208 205 208 211 208 209 209 205 209 210 209 210 210 209 210 207 86 83 132 212 211 211 211 209 211 211 211 210 212 213 212 217 217 218 218 216 219 214 213 213 213 211 205 144 128 131 131 133 136 138 126 123 99 98 100 102 103 97 98 105 116 125 
89 105 128 132 133 138 141 147 145 146 140 138 137 138 146 141 145 149 200 205 207 204 210 210 211 209 209 205 207 208 209 208 209 207 205 205 207 210 209 210 210 209 210 209 138 82 94 216 210 211 208 211 211 213 213 212 212 211 213 215 217 216 213 214 214 216 217 216 214 213 208 197 126 130 130 126 123 125 130 124 124 105 102 104 97 97 97 97 103 118 
93 114 122 137 134 139 146 145 147 141 136 137 138 146 128 141 142 166 205 205 204 206 210 210 209 208 208 202 210 207 208 210 205 205 208 208 209 211 207 207 210 210 210 211 139 82 80 213 210 211 212 212 213 214 211 211 210 212 214 217 215 217 215 217 216 217 216 217 208 210 212 209 201 136 128 129 123 128 129 128 131 133 103 98 101 93 95 97 100 105 
95 113 128 133 138 145 139 145 139 138 135 135 147 138 141 145 149 212 201 203 206 205 206 193 207 205 208 207 207 207 210 207 207 204 205 205 209 209 208 209 209 211 213 211 144 83 75 196 213 213 213 212 214 212 211 212 213 215 216 215 215 215 216 216 216 218 218 218 218 215 214 211 212 191 137 127 129 123 128 132 133 132 4 101 94 97 100 99 103 98 
97 123 133 139 137 134 137 133 139 142 139 137 134 137 135 149 213 209 208 200 202 205 205 205 202 209 208 205 203 204 211 208 208 210 209 208 208 209 211 209 213 209 211 209 85 83 84 206 211 211 213 211 213 213 212 214 213 213 213 218 216 216 218 216 216 216 217 217 218 216 213 213 211 209 165 135 133 135 127 125 128 255 132 136 105 97 97 94 94 96 
105 124 133 130 131 135 139 139 136 141 128 133 123 131 141 209 208 208 203 205 202 201 204 205 210 205 203 205 203 209 209 208 209 209 209 209 209 211 211 212 210 210 210 210 121 83 83 136 212 212 213 214 214 215 214 213 213 213 213 215 217 217 215 216 213 216 217 219 218 217 216 213 213 213 208 155 134 127 131 118 122 128 131 131 123 102 95 98 98 97 
108 124 131 131 131 132 136 136 137 139 136 124 133 137 188 205 208 207 203 205 202 202 203 203 203 205 203 209 210 210 209 208 208 208 208 209 210 209 211 210 210 210 211 212 125 81 74 133 213 211 214 214 216 214 214 213 215 214 215 216 217 216 216 215 217 218 218 218 217 216 216 215 216 213 211 207 150 130 130 128 129 134 134 2 122 123 94 102 97 96 
117 121 131 131 134 138 135 136 137 131 131 134 135 154 209 209 205 203 205 203 206 206 203 204 203 206 206 209 209 210 210 209 205 208 207 210 211 211 210 211 210 210 212 214 134 81 74 121 212 215 215 215 214 215 213 215 215 214 215 217 216 213 215 217 218 217 218 219 217 216 216 215 216 214 214 208 204 139 130 131 130 137 130 129 127 122 127 102 97 99 
121 125 132 134 127 131 125 133 141 135 130 130 141 212 204 208 206 209 209 204 202 202 204 202 205 210 208 205 207 205 210 209 210 209 210 210 211 211 212 212 211 210 213 210 81 76 77 155 213 212 214 213 216 214 215 217 213 214 214 217 217 217 218 216 217 217 218 218 219 219 219 217 214 212 214 212 211 196 132 127 130 255 127 124 130 125 119 119 95 96 
120 134 132 128 133 131 130 138 135 133 139 135 211 206 206 208 205 205 204 204 208 204 206 204 206 203 203 208 203 210 210 211 209 209 209 209 210 212 212 212 210 214 212 209 103 74 77 92 212 214 213 216 216 214 208 214 212 213 218 214 215 217 216 216 216 217 218 218 218 217 217 216 216 216 215 215 213 210 186 130 255 131 132 129 122 123 124 124 120 105 
119 129 127 124 125 128 137 138 125 129 128 194 204 205 206 207 210 204 203 202 203 205 205 209 201 202 205 208 209 211 210 210 209 208 212 212 211 213 215 211 211 212 212 212 104 82 78 82 217 214 215 217 216 216 213 214 215 209 214 216 216 216 213 216 217 218 216 218 220 216 216 218 217 217 217 214 213 210 207 152 132 133 130 123 116 122 125 130 128 122 
128 128 126 133 130 134 132 127 135 132 196 203 206 207 206 210 205 203 206 208 210 208 209 203 202 203 207 211 213 212 212 210 211 214 213 213 213 217 212 213 214 214 218 214 105 72 70 79 218 219 216 216 216 213 212 216 219 217 217 216 214 214 216 215 217 218 220 219 217 217 215 218 218 219 217 214 215 211 209 210 179 131 130 121 125 122 122 130 130 125 
128 135 129 134 127 130 115 131 139 208 206 210 202 203 205 207 210 210 210 207 205 208 209 209 210 209 204 210 210 210 215 213 213 214 214 213 215 215 216 216 216 215 213 213 75 76 74 90 215 214 214 215 216 216 217 216 215 215 214 217 215 216 216 217 214 218 217 219 219 218 208 218 216 217 219 217 216 215 212 209 209 176 136 130 129 124 121 116 117 123 
126 129 128 123 127 118 123 136 211 210 206 203 203 203 210 208 211 210 207 210 209 208 211 209 209 193 209 211 212 213 214 210 215 214 212 214 208 216 215 214 214 217 214 206 76 74 73 80 216 214 215 216 218 216 216 215 215 214 214 217 216 215 219 216 214 216 218 218 219 217 216 218 217 218 217 218 218 213 213 212 210 209 197 138 2 124 122 121 122 127 
128 127 75 124 114 126 134 210 205 206 202 203 203 209 209 210 210 210 208 208 210 210 212 212 212 209 210 209 213 214 213 214 214 215 213 215 218 214 217 210 215 216 217 215 82 75 78 71 202 213 216 217 218 217 216 218 215 217 216 218 218 210 214 214 214 217 218 221 219 218 216 217 217 218 219 218 217 215 213 213 213 210 211 203 134 128 124 172 125 128 
126 125 125 118 131 133 210 205 204 206 206 203 206 211 210 211 208 209 210 209 212 213 212 212 211 211 210 209 214 216 217 214 215 216 216 218 218 216 209 216 217 216 217 214 80 72 70 70 202 214 217 218 217 216 216 216 217 217 217 217 208 214 216 216 218 218 218 218 215 218 218 217 219 219 216 217 215 217 214 215 214 211 210 206 198 131 254 126 129 125 
0 119 119 123 128 200 206 206 203 205 203 206 210 210 210 211 212 208 210 214 214 213 214 212 214 212 212 213 213 216 214 216 216 215 218 219 217 219 217 218 218 216 218 213 81 67 69 69 202 216 216 220 209 219 214 217 218 219 219 216 214 214 216 216 218 219 220 219 218 218 216 219 220 218 218 215 214 215 219 217 214 213 209 209 206 200 147 131 126 0 
127 116 125 125 210 202 202 205 211 209 209 203 205 209 210 210 212 211 212 211 211 211 216 217 217 215 211 212 211 216 216 218 218 216 216 215 217 219 218 218 219 216 216 203 74 70 70 75 179 212 216 216 217 216 216 218 216 217 214 217 219 216 218 215 216 216 218 219 219 218 219 217 218 217 218 218 217 210 216 213 212 213 211 210 210 205 202 132 128 123 
122 126 130 198 202 202 201 203 210 205 193 206 210 208 211 212 212 213 212 212 213 213 216 215 216 214 214 211 214 214 217 220 219 217 219 218 218 218 218 218 216 218 216 199 71 72 72 67 152 214 216 218 218 216 219 216 216 216 217 219 218 217 217 215 214 217 218 217 218 210 218 217 218 217 218 215 216 216 214 216 209 213 211 211 204 205 202 198 146 129 
126 130 184 196 203 203 205 209 209 207 209 205 209 213 212 213 212 211 212 213 214 214 215 216 216 214 216 214 215 215 217 219 217 217 217 216 218 218 218 218 219 214 218 209 74 69 69 67 115 216 218 218 217 215 216 217 214 216 219 216 219 216 215 214 214 217 219 218 219 217 216 216 218 218 217 217 215 214 212 214 216 214 211 212 208 205 203 203 200 146 
125 131 195 197 200 204 206 210 209 206 210 208 212 212 213 214 213 213 214 214 216 216 218 208 215 215 215 215 216 214 216 217 216 218 216 218 218 220 217 216 218 217 218 208 72 70 65 63 110 220 216 216 218 218 215 217 216 218 218 219 210 214 214 215 218 216 218 218 215 216 215 216 218 216 219 216 215 214 215 215 214 212 213 211 209 203 207 203 200 187 
156 195 196 198 198 202 204 202 211 210 210 211 210 210 212 213 215 214 213 214 216 214 218 216 218 219 216 218 215 214 215 218 219 219 215 217 218 216 217 219 218 217 218 197 70 70 69 69 241 216 214 216 217 217 217 219 215 216 215 214 216 216 219 215 212 214 214 217 219 220 218 218 216 215 217 217 217 216 213 213 212 212 213 211 211 210 203 201 197 182 
203 196 195 193 195 196 199 204 206 209 210 208 211 212 214 213 215 215 215 213 215 214 218 218 217 215 216 214 214 215 215 216 218 219 217 217 216 218 218 218 218 218 217 198 77 69 70 69 92 216 214 218 218 218 216 217 215 218 214 218 216 218 214 216 214 214 217 215 216 215 215 216 214 219 217 217 217 212 213 211 209 213 212 210 194 206 203 200 199 179 
197 195 193 192 196 197 201 209 211 210 206 208 210 210 213 214 214 211 214 214 215 215 217 217 208 216 214 216 217 216 215 217 217 215 217 216 219 218 217 216 219 218 214 205 68 67 69 62 84 215 217 217 216 217 215 218 217 219 217 219 216 216 214 215 214 216 216 214 216 214 216 214 214 218 216 214 214 213 213 213 214 212 211 212 205 205 203 206 196 173 
187 129 190 191 191 198 200 210 210 205 208 206 210 214 214 214 214 214 214 213 216 218 217 208 217 216 217 217 218 216 216 212 216 216 217 218 219 218 217 217 217 216 218 206 74 71 63 65 70 218 216 216 217 216 214 217 214 218 216 216 217 214 216 215 215 216 216 216 212 213 213 208 215 216 215 214 213 212 211 214 213 210 211 209 206 203 208 203 195 163 
176 191 196 195 195 195 199 202 204 209 212 194 210 210 212 214 214 214 216 215 213 214 214 217 217 217 213 214 217 213 214 214 216 217 218 216 215 216 218 218 217 218 214 171 67 67 63 68 88 216 214 214 218 217 218 217 216 215 215 218 215 217 217 214 214 213 212 216 215 215 214 213 213 213 214 213 212 213 213 210 211 208 209 209 210 193 200 200 187 150 
168 189 196 190 192 193 198 203 210 206 210 211 211 210 212 214 214 215 213 213 216 212 216 214 218 214 214 216 216 216 217 215 214 212 218 216 218 218 217 217 216 216 214 164 69 67 67 64 64 215 213 217 216 216 217 215 214 213 212 216 216 216 212 213 212 213 214 214 214 214 212 214 213 212 214 214 215 213 211 212 210 210 210 211 210 205 201 197 185 137 
152 180 191 194 193 196 200 202 205 211 205 208 210 212 214 212 213 213 212 214 213 215 215 217 215 213 214 217 217 217 216 216 213 213 216 219 219 215 215 216 213 216 214 191 67 65 67 59 65 210 212 217 215 213 213 213 213 213 216 215 217 213 213 212 212 215 215 214 214 212 212 212 210 212 214 215 212 210 210 210 211 210 210 203 203 205 203 201 177 127 
133 157 188 194 193 200 198 199 205 209 206 208 210 210 213 212 211 213 211 214 216 214 214 215 212 216 215 217 215 215 216 212 212 210 214 218 216 217 215 216 214 212 215 192 64 70 58 64 66 201 213 215 214 212 214 213 213 217 214 216 212 213 214 212 215 213 214 214 212 211 212 211 212 213 213 210 209 210 208 210 212 211 209 205 205 201 203 196 167 116 
119 162 189 199 195 193 196 199 204 210 210 209 209 208 210 211 212 212 213 212 212 211 211 214 216 215 214 213 215 214 215 212 212 212 212 214 214 218 214 216 216 214 212 160 61 66 64 65 1 206 211 210 214 214 213 215 213 212 209 210 213 214 213 211 211 211 211 213 212 213 214 210 211 212 212 211 213 211 208 209 209 208 209 210 205 200 201 184 140 101 
107 154 190 194 199 196 195 198 203 206 207 207 208 208 211 211 212 211 212 212 212 211 213 213 211 212 211 212 212 216 214 214 212 210 211 212 215 216 215 217 212 212 211 156 65 63 62 67 66 197 210 212 214 213 213 211 211 211 211 213 214 213 211 211 212 212 214 213 211 211 209 211 210 213 210 211 211 208 210 208 207 210 208 206 203 199 198 177 139 91 
100 150 177 194 196 199 198 198 201 203 204 203 210 211 212 210 211 210 211 210 209 211 213 212 213 209 211 211 215 215 213 211 211 210 210 213 214 213 214 214 212 212 210 183 64 63 64 62 57 192 210 212 212 211 209 210 209 210 213 212 212 212 211 209 212 213 213 212 211 209 211 206 208 211 213 210 209 209 208 206 207 205 209 209 202 198 196 175 125 84 
94 128 169 193 194 203 201 199 201 198 200 205 210 208 212 210 209 209 208 210 212 211 211 210 210 211 210 212 213 214 214 211 211 209 208 211 213 214 212 211 213 211 212 165 67 63 59 61 61 107 212 212 213 208 208 208 208 211 214 214 209 210 210 208 213 211 212 210 210 208 210 208 210 211 210 210 210 210 206 210 209 211 207 206 202 199 195 163 105 83 
82 138 177 193 196 198 198 198 201 202 202 210 205 206 207 212 210 211 211 207 206 210 209 210 210 212 208 211 211 212 213 212 212 208 207 208 209 212 215 213 212 210 208 94 62 63 62 66 65 108 207 209 211 212 212 211 208 212 211 208 212 210 212 210 209 210 209 210 210 208 209 207 208 209 209 210 210 210 206 205 206 205 210 207 202 195 183 136 85 78 
89 133 170 185 193 198 198 200 199 201 199 201 205 203 209 211 208 209 208 206 206 206 209 209 211 210 210 211 210 210 211 213 213 205 208 209 218 211 212 213 210 210 206 89 66 66 66 64 58 94 208 211 210 212 211 211 210 215 211 211 210 211 210 211 209 209 210 211 211 209 208 209 208 212 211 208 212 208 209 205 206 210 206 204 200 197 173 124 84 76 
89 130 155 180 187 195 200 202 201 197 198 201 202 210 210 210 211 205 203 206 207 210 210 209 208 211 209 211 210 210 211 212 211 209 205 203 210 210 212 210 210 209 206 152 63 68 61 60 59 72 212 211 212 211 212 205 209 208 212 212 210 209 206 209 208 210 212 211 211 206 208 209 210 210 211 209 205 205 205 203 211 210 210 194 200 196 156 118 79 74 
