154 160 158 157 160 132 127 134 136 148 152 137 146 167 165 169 167 170 170 171 170 172 170 170 172 170 170 168 173 171 172 170 173 170 170 167 167 169 162 160 164 132 100 122 144 162 162 162 161 162 163 154 157 154 162 153 152 153 153 150 150 148 147 146 148 144 142 139 138 133 128 128 125 119 120 
158 162 163 160 162 165 143 125 122 122 145 172 163 160 161 164 169 170 170 171 173 173 173 173 174 174 172 174 174 174 175 173 174 172 173 170 172 171 164 166 162 164 165 168 166 165 166 165 165 164 162 161 161 158 154 156 157 154 152 152 151 150 150 148 148 148 144 140 138 135 133 128 126 119 120 
157 161 157 162 164 166 169 169 169 170 167 165 161 162 163 162 166 168 172 174 174 173 176 175 173 176 175 174 174 174 174 174 173 173 174 173 172 170 169 165 164 170 166 166 166 167 166 165 165 164 162 162 163 157 153 155 154 153 154 152 150 149 147 148 148 147 137 143 140 138 134 130 126 121 120 
162 157 162 162 165 169 168 167 166 170 169 165 162 161 162 159 164 170 174 174 173 174 174 175 176 175 175 175 175 174 177 177 176 171 173 173 173 170 169 166 164 170 169 170 170 169 169 166 166 163 162 161 161 162 164 158 157 154 154 154 152 150 149 148 148 146 146 145 142 137 136 133 128 125 121 
154 163 160 164 164 165 166 166 169 170 165 164 163 161 161 162 164 172 174 175 173 174 175 176 175 177 175 177 178 177 178 177 174 174 173 172 172 170 169 164 169 171 172 173 172 170 169 166 166 166 166 163 161 162 163 157 154 156 154 153 152 150 149 147 146 146 144 142 142 142 136 133 127 122 120 
154 162 162 161 165 165 166 168 169 170 170 168 169 164 165 165 170 175 176 175 174 177 178 177 177 178 178 177 178 177 178 178 177 172 173 173 173 170 169 166 168 174 174 173 172 170 170 169 170 165 166 165 162 164 161 161 153 154 154 152 153 150 150 149 148 146 144 144 142 138 138 133 128 125 111 
154 162 166 165 166 169 168 168 170 170 171 169 168 168 169 172 175 177 178 176 177 177 178 178 178 178 180 178 179 178 177 178 178 174 175 172 171 169 169 169 166 173 173 172 174 172 170 169 168 168 168 165 165 165 161 154 158 157 157 155 153 152 150 148 148 146 145 142 141 141 136 136 131 122 72 
154 164 164 169 168 168 171 170 172 173 172 172 172 172 174 175 174 177 176 178 178 178 178 180 178 179 178 176 179 178 178 179 177 175 172 170 171 170 169 166 173 175 174 172 174 172 170 170 172 169 169 169 169 166 163 162 162 153 159 153 153 152 150 148 147 146 142 142 136 138 138 135 130 98 70 
110 164 170 167 166 170 170 171 170 168 172 174 175 174 176 178 178 177 178 178 179 176 178 179 178 178 180 177 177 177 178 177 178 174 152 146 149 152 163 169 175 173 174 173 173 173 172 169 170 167 166 169 169 165 163 162 161 154 154 153 154 152 150 148 148 144 136 139 136 134 136 130 126 71 68 
98 155 165 169 168 168 170 173 173 170 172 172 173 174 175 174 175 174 178 178 178 177 178 178 178 178 177 176 178 178 166 175 173 173 83 62 57 62 166 173 174 176 174 174 172 171 172 170 169 169 169 167 165 165 162 164 164 157 156 155 152 152 150 147 142 142 142 136 137 135 136 128 80 72 72 
96 122 165 169 169 168 169 170 170 171 170 173 170 173 174 177 175 176 177 178 178 178 179 180 178 181 178 177 174 176 176 176 175 172 64 60 58 60 166 172 174 173 174 173 173 170 171 170 169 170 169 169 167 164 164 164 164 157 157 152 154 150 149 146 145 140 142 137 134 133 130 102 73 71 69 
94 101 162 169 167 169 170 172 172 171 173 172 173 174 177 177 175 176 180 178 178 179 178 179 178 178 178 178 178 177 178 178 176 173 65 59 58 60 166 172 175 174 172 172 174 174 172 172 172 170 170 170 169 168 164 162 162 157 154 153 152 151 147 144 144 138 138 137 136 131 126 88 101 71 69 
92 96 134 166 168 170 172 170 169 171 174 174 174 175 175 178 177 179 179 180 177 180 181 181 180 180 178 178 178 178 174 176 174 172 70 60 61 60 170 170 173 173 177 173 172 172 172 173 169 170 170 170 167 168 164 162 161 157 156 152 150 149 144 146 137 138 137 135 132 130 115 126 110 86 68 
93 95 104 169 169 166 169 170 171 169 173 174 176 176 176 178 178 178 180 182 181 180 181 181 180 179 179 178 174 177 177 175 177 173 69 61 62 62 170 170 171 172 174 172 173 173 173 173 170 171 170 169 168 166 164 163 162 159 152 150 151 149 146 143 136 139 136 134 132 122 127 124 113 95 67 
92 91 96 137 169 169 171 170 174 174 172 174 176 178 178 180 180 179 178 181 180 180 180 179 181 178 178 178 176 177 176 178 174 171 69 60 62 63 169 171 173 174 170 173 173 171 170 170 170 168 169 168 170 166 163 154 157 152 152 149 147 146 144 136 144 140 134 134 125 133 130 122 112 96 70 
90 85 98 99 163 169 169 172 170 173 174 173 178 178 179 180 182 181 182 182 180 181 182 178 176 181 181 178 177 175 178 177 175 173 69 62 63 72 171 173 173 173 173 172 173 170 169 171 169 169 169 168 166 164 162 153 152 154 152 149 149 146 144 144 142 137 135 130 78 109 134 128 116 70 66 
93 88 98 99 116 169 169 172 174 174 175 177 177 179 181 184 183 182 182 183 184 182 182 181 177 181 178 178 175 174 177 176 174 173 70 64 63 95 170 174 170 172 172 171 173 169 169 170 169 169 168 163 162 162 162 154 153 150 150 149 146 143 136 140 137 134 131 82 77 74 113 75 70 66 62 
81 92 91 96 102 163 170 173 174 176 178 178 181 182 184 182 184 188 184 186 186 184 184 182 180 181 178 178 175 174 177 176 174 171 96 102 112 156 170 170 174 173 173 170 170 170 169 165 170 170 167 165 161 159 153 152 154 150 145 146 142 136 137 137 134 133 100 78 75 74 70 67 66 62 60 
88 88 92 95 97 122 171 176 174 179 179 183 184 185 186 186 186 188 188 185 186 184 183 181 181 178 176 178 177 178 174 174 174 171 154 161 162 166 171 172 174 174 172 171 169 169 169 166 168 168 164 163 157 155 152 151 146 149 146 142 143 140 137 136 131 122 73 77 71 69 68 67 64 60 56 
87 91 92 96 100 102 170 173 177 180 182 184 184 185 188 185 188 186 186 187 186 183 182 183 181 180 180 178 177 175 160 178 175 170 162 163 162 167 172 173 170 173 171 173 169 168 170 169 164 164 161 152 156 154 151 149 148 147 142 137 142 138 137 134 130 80 74 71 66 68 66 62 60 58 54 
88 93 92 95 98 112 118 178 182 184 185 186 186 189 190 190 189 188 186 188 186 185 183 181 180 178 177 177 176 176 177 177 176 172 162 164 163 170 174 174 173 173 173 170 170 168 167 166 165 154 157 153 153 151 152 151 149 146 143 142 142 134 136 130 81 71 66 67 69 64 61 60 58 55 50 
76 90 93 95 100 110 118 169 182 185 189 189 190 191 192 191 190 189 189 188 188 184 184 181 181 178 178 177 178 177 176 176 175 170 162 164 165 168 175 174 174 173 172 171 169 168 170 166 162 160 158 154 154 151 152 149 146 144 137 142 136 136 133 93 70 64 64 63 59 58 60 56 54 50 41 
86 92 98 101 107 115 117 124 188 190 194 194 194 194 194 194 193 189 189 186 188 187 185 182 181 181 180 178 177 177 176 177 175 169 162 163 164 173 176 175 174 174 172 172 168 167 164 166 158 154 157 154 153 149 148 147 145 136 138 138 136 132 118 66 66 144 58 0 192 204 0 0 0 0 0 
215 0 0 0 0 0 0 0 0 135 255 0 197 197 198 196 189 191 190 190 189 186 184 184 182 182 179 178 178 178 177 178 178 172 165 165 166 174 175 173 174 173 173 170 169 168 169 165 162 157 151 154 153 150 146 144 143 144 138 138 130 117 69 64 62 59 57 57 54 50 46 46 42 39 45 
90 99 90 109 116 125 128 135 136 198 200 200 203 200 202 200 172 194 193 191 189 188 186 183 182 181 179 176 180 178 178 177 178 173 99 99 117 175 175 173 174 173 170 168 169 164 168 162 163 153 154 151 152 150 145 136 142 136 136 130 115 66 64 60 61 57 56 53 46 44 42 40 37 42 48 
95 98 128 122 132 151 136 136 142 146 209 208 208 207 204 202 201 201 196 194 190 189 184 185 183 183 177 182 180 178 179 178 178 171 76 76 125 174 176 174 174 173 171 170 169 169 165 163 160 161 154 151 147 149 145 143 138 135 126 118 70 64 58 58 58 53 48 45 43 40 39 38 42 48 51 
95 101 110 124 197 212 170 152 149 150 174 214 212 212 210 208 200 209 196 196 192 190 186 183 183 183 179 180 179 179 179 178 177 170 74 73 151 173 176 174 173 173 172 170 167 167 166 165 162 158 154 152 150 146 137 134 128 124 112 86 62 62 62 54 50 48 43 42 38 37 36 41 49 49 49 
101 100 117 144 210 166 166 202 217 190 163 213 218 216 216 213 211 206 186 197 197 193 188 186 186 183 182 181 181 178 179 178 177 172 78 76 168 172 174 173 175 172 171 170 169 168 169 166 162 153 154 152 149 136 135 128 121 114 101 64 60 57 54 46 45 41 37 36 35 34 33 46 45 48 50 
99 110 126 177 223 223 222 221 185 174 194 219 221 220 219 217 215 213 186 202 197 194 190 186 184 185 183 181 181 180 178 177 177 170 81 80 173 174 174 174 173 170 171 169 167 168 166 166 162 160 149 148 140 133 126 121 117 100 63 57 56 50 46 41 39 37 35 34 34 36 46 49 44 45 49 
100 113 130 209 226 224 226 226 226 225 224 213 194 224 222 221 219 217 206 205 200 196 191 190 185 186 185 184 181 180 181 179 179 169 167 168 172 174 176 174 174 171 170 171 169 168 168 162 164 157 152 146 136 127 123 120 115 62 57 55 50 42 40 37 34 34 35 33 34 46 58 51 46 42 46 
109 120 138 221 226 226 226 226 227 227 226 226 226 224 223 223 222 218 214 206 202 196 192 190 188 186 184 185 180 182 182 178 178 171 170 168 172 173 174 178 173 172 171 169 169 168 167 166 161 155 148 143 137 130 122 118 68 56 53 46 38 38 35 34 34 35 34 34 41 51 56 49 54 41 45 
110 120 144 210 226 226 227 226 226 226 226 226 227 227 224 223 222 221 216 209 202 197 192 192 189 184 186 184 185 182 179 180 180 172 170 169 168 174 174 174 174 173 172 172 169 169 167 164 154 152 150 145 140 127 118 69 56 40 38 35 36 36 34 35 36 36 36 41 50 55 52 50 44 47 46 
121 127 150 222 218 198 212 226 226 226 226 226 226 226 226 223 224 222 215 209 201 199 192 190 190 186 186 186 183 181 180 180 180 172 126 133 172 175 174 172 173 171 172 173 170 171 169 165 161 153 144 142 138 132 86 63 41 39 175 173 174 171 169 169 167 166 123 103 70 88 84 45 46 51 69 
135 154 161 164 165 167 168 169 170 166 172 173 181 130 125 141 203 228 228 228 228 228 228 228 228 228 229 228 228 227 227 227 224 222 217 209 205 199 198 196 196 194 192 190 192 189 188 188 187 182 182 175 171 170 174 175 175 172 175 171 172 171 168 169 166 148 104 101 98 79 63 68 50 62 61 
102 128 152 162 164 166 168 166 169 169 170 174 178 189 124 143 212 226 227 227 226 227 227 227 227 227 227 227 227 227 226 224 224 182 216 209 204 199 198 194 195 195 192 192 190 190 188 186 187 180 181 175 99 127 176 174 172 172 172 172 170 168 169 166 161 101 102 101 100 90 56 94 78 67 64 
149 96 128 160 162 162 163 167 168 170 171 173 178 183 184 148 170 186 188 196 200 202 207 213 218 221 224 224 224 223 224 224 223 178 172 208 204 201 200 197 194 194 195 192 192 192 189 189 185 182 180 174 82 144 175 173 173 172 171 168 169 165 166 161 113 109 103 101 101 96 67 81 71 67 61 
152 150 85 149 154 163 163 163 166 167 170 173 176 179 195 152 221 228 228 227 228 227 227 224 220 216 212 210 205 202 199 195 190 171 164 156 211 199 197 144 197 144 193 0 196 32 0 0 0 0 0 193 215 0 0 0 1 0 0 0 9 135 255 0 102 101 101 99 96 95 63 54 62 71 62 
151 149 130 96 155 157 160 160 166 165 170 173 175 180 194 164 222 228 228 228 228 228 227 228 228 228 226 227 227 227 225 226 224 181 166 157 164 199 198 200 197 196 196 194 192 192 192 189 186 185 180 169 122 174 174 173 170 168 166 165 162 162 135 101 104 104 102 100 106 147 144 58 68 85 62 
150 149 120 89 152 163 159 161 162 164 168 169 175 178 185 165 222 227 228 229 228 228 228 228 227 228 228 227 227 227 227 226 224 185 170 162 155 152 196 198 197 196 196 196 196 194 192 192 189 183 180 126 134 176 174 172 170 168 167 161 161 149 109 101 109 146 149 151 150 137 128 137 64 86 64 
142 95 97 152 154 155 154 157 161 153 166 171 174 176 182 157 223 227 228 228 228 228 228 227 228 228 227 228 228 227 227 227 226 188 175 164 162 150 162 199 198 196 197 195 196 194 192 192 190 185 181 169 162 173 173 170 167 164 163 153 154 146 147 150 145 142 120 146 150 146 127 117 83 71 72 
