83 122 122 123 125 126 130 130 130 133 131 133 135 134 136 138 138 144 142 143 142 143 143 144 145 145 144 144 144 144 145 143 146 146 143 141 135 138 138 141 137 94 83 101 125 55 44 44 46 49 136 136 138 136 143 138 139 136 143 136 140 139 138 142 142 138 138 138 135 133 132 131 130 128 130 
73 108 122 124 126 126 126 128 132 136 136 134 133 131 130 134 136 140 143 137 143 143 147 145 146 145 148 149 148 147 145 142 143 143 141 143 141 143 141 139 141 137 136 142 139 122 47 46 46 48 138 137 136 143 141 143 142 137 143 137 143 143 145 145 143 142 137 137 135 133 132 130 127 127 126 
69 73 117 124 126 126 131 134 130 133 133 133 130 127 130 133 136 137 141 147 142 145 143 146 147 148 149 149 142 146 146 143 143 142 144 142 145 146 143 137 143 145 137 141 141 135 50 49 47 47 110 140 136 136 142 141 140 136 142 144 146 142 142 143 142 143 136 143 135 136 132 132 131 132 127 
73 72 71 125 127 130 132 133 134 132 137 133 131 130 130 132 135 136 145 141 148 147 148 150 150 146 148 148 150 145 147 148 148 146 148 147 147 145 146 145 145 145 144 147 145 145 67 50 50 47 57 142 145 145 143 144 145 143 143 142 145 145 145 145 145 142 142 142 138 134 134 133 131 129 132 
73 74 68 78 123 127 132 132 133 136 132 134 133 131 130 133 133 141 145 148 145 149 145 147 143 150 150 151 148 149 148 150 147 149 146 147 149 147 146 148 147 146 146 143 147 146 134 53 51 48 54 142 145 146 145 143 141 143 143 145 145 146 145 145 146 143 141 139 140 138 133 132 133 131 131 
71 74 69 77 81 130 129 133 135 135 134 135 134 134 132 134 141 147 148 147 141 145 149 150 150 151 153 152 152 151 150 149 152 150 150 150 150 150 148 150 150 150 149 150 150 148 146 56 52 51 53 144 147 146 148 148 145 147 146 145 146 146 147 146 146 145 145 143 141 137 135 134 134 133 130 
73 70 68 76 78 84 129 130 135 136 139 193 215 0 0 0 4 0 144 0 0 201 0 0 151 152 151 149 152 150 151 152 151 151 150 150 153 153 152 151 146 151 150 151 151 149 147 79 53 52 52 116 146 149 148 149 149 145 148 147 145 148 146 146 148 143 147 142 136 143 137 136 135 133 131 
73 74 71 75 79 81 88 131 135 135 137 138 135 136 142 140 145 145 146 149 148 151 150 150 149 152 153 150 153 156 153 156 156 153 152 153 153 153 152 154 151 152 150 149 149 149 149 141 55 52 52 62 148 151 149 149 147 146 146 145 146 145 146 148 145 146 146 145 139 143 135 134 134 134 131 
72 73 73 75 78 79 81 96 133 136 136 139 145 142 143 145 144 145 148 149 149 149 150 151 153 153 154 154 163 153 153 154 154 163 153 154 154 153 153 154 153 151 152 151 150 153 152 150 57 53 53 57 145 148 150 150 147 145 147 145 146 148 148 147 146 147 144 143 142 142 137 138 134 132 132 
74 77 73 74 72 82 79 84 117 136 142 137 135 145 146 146 146 149 147 149 149 152 152 158 160 160 161 162 162 162 162 162 153 154 158 156 157 154 156 154 158 154 152 154 154 153 154 147 69 56 55 58 146 151 154 153 150 149 150 150 149 148 149 148 149 150 148 145 142 142 142 138 136 137 134 
73 75 73 70 79 78 79 74 65 134 138 140 136 142 143 145 145 146 147 149 152 155 154 161 161 164 164 164 163 160 160 161 162 154 152 159 159 156 156 157 155 153 154 154 154 154 154 153 137 56 58 56 111 149 153 155 152 147 149 149 150 148 149 148 148 147 148 146 144 142 142 137 137 134 133 
74 74 74 69 78 74 63 74 129 133 140 138 142 144 143 145 147 148 150 151 153 154 159 153 159 162 161 163 160 162 164 159 161 160 162 153 158 153 159 153 155 153 153 153 155 162 154 154 150 59 57 55 66 153 153 151 151 150 148 146 148 148 147 147 148 149 146 146 146 140 139 136 134 134 133 
74 74 76 74 72 63 112 135 137 138 143 141 142 144 146 146 146 150 149 153 155 153 161 162 162 164 162 162 164 165 165 164 161 163 161 161 160 163 152 160 156 155 156 162 155 156 154 153 154 67 59 57 63 150 154 154 154 150 150 149 149 150 147 147 149 149 148 143 143 143 136 137 136 135 133 
72 72 74 71 68 128 142 135 138 137 136 143 142 144 146 148 144 153 152 154 156 162 163 164 165 165 165 167 166 165 165 164 164 163 162 162 162 162 160 161 159 153 160 155 153 160 162 163 162 111 61 59 61 152 156 157 154 152 151 149 152 151 150 149 149 151 148 146 145 142 136 139 135 133 133 
79 101 62 82 129 137 141 141 137 141 142 143 142 148 146 146 148 147 153 154 155 159 162 162 164 164 165 160 164 166 169 169 165 163 165 162 161 162 161 164 162 161 160 164 162 153 157 159 157 151 62 60 61 141 158 152 153 154 153 151 150 147 148 149 149 149 147 146 143 143 140 137 135 135 135 
74 69 89 130 137 143 135 137 143 143 144 144 144 145 145 149 149 149 153 158 153 162 163 165 167 169 167 169 169 167 167 169 165 167 163 164 165 162 164 166 162 161 161 161 161 154 159 159 159 158 63 60 63 85 154 152 154 153 154 149 151 149 149 150 150 147 148 149 146 143 142 136 137 135 133 
71 100 132 136 138 139 143 141 147 138 144 145 145 146 149 148 152 149 150 151 158 161 164 165 167 163 168 167 167 169 170 167 166 165 167 165 165 164 165 164 166 163 161 153 161 159 153 153 163 152 70 61 58 66 162 156 156 154 153 149 150 149 150 149 148 147 146 145 142 138 138 138 133 130 130 
92 130 133 136 138 135 143 143 145 146 148 146 146 147 149 149 149 151 150 151 153 162 163 164 168 168 169 168 167 163 168 169 167 165 166 165 165 167 164 163 163 164 161 163 153 161 159 153 161 155 114 62 58 63 153 163 153 153 152 152 147 148 150 147 149 147 145 143 143 138 135 132 131 126 99 
126 130 133 137 140 142 142 143 144 146 146 149 146 146 150 149 149 150 151 153 153 160 163 167 165 167 168 169 170 168 169 167 168 168 166 164 167 165 166 166 166 165 160 162 160 161 153 161 159 153 151 64 58 64 156 163 159 150 153 151 150 148 145 146 145 144 138 118 70 51 47 47 47 47 47 
130 130 135 135 140 142 142 145 149 147 148 149 151 147 149 149 149 152 153 153 153 162 165 168 169 171 170 171 171 170 172 170 170 170 168 168 170 165 169 167 165 168 164 165 163 162 162 161 161 161 153 69 62 64 155 152 163 153 153 150 142 124 72 58 54 53 52 52 52 52 58 102 124 130 130 
129 130 133 135 139 142 144 146 147 148 148 151 149 153 148 147 147 150 151 152 155 151 152 165 168 171 172 172 170 171 172 168 170 169 170 170 168 169 169 168 168 165 165 162 161 161 153 161 153 156 155 93 62 58 125 144 94 67 62 58 57 58 56 57 72 114 134 135 136 137 136 134 133 133 126 
127 125 130 134 138 142 143 144 145 148 149 150 148 151 152 151 150 151 150 153 152 156 156 162 169 170 172 173 172 172 172 172 172 171 169 169 169 168 169 168 169 167 164 165 161 153 162 154 156 153 136 82 61 62 61 65 61 65 85 134 149 145 147 147 146 145 136 144 136 136 139 133 128 132 131 
124 130 133 133 137 142 143 146 146 147 149 150 149 152 154 152 150 151 152 151 152 153 154 161 166 170 173 174 174 173 174 174 172 173 172 172 171 171 169 169 169 168 165 164 156 142 87 74 71 70 67 66 60 60 66 154 159 159 150 159 153 150 144 149 148 145 145 143 135 136 137 132 133 129 127 
125 127 132 135 136 142 143 146 145 148 148 149 152 150 150 150 153 153 152 153 155 152 156 156 161 169 173 173 174 176 174 173 175 175 173 171 172 170 171 165 135 89 85 81 79 71 71 81 114 149 153 155 69 62 63 152 162 162 164 153 154 151 151 149 149 145 143 135 137 138 135 132 133 131 126 
125 128 131 133 138 143 145 144 148 146 147 149 150 149 149 153 153 155 152 154 153 153 153 152 157 162 170 176 178 177 176 176 177 174 173 164 101 91 89 93 93 83 90 132 159 162 163 161 163 159 161 160 85 62 67 164 161 162 162 163 153 151 150 146 146 146 144 143 140 137 133 131 132 130 127 
124 130 132 136 143 143 143 145 147 149 150 149 152 151 150 153 151 151 153 154 152 156 154 158 159 161 163 162 177 177 173 131 95 92 93 115 111 108 162 176 177 175 171 170 170 168 165 164 164 162 160 161 143 66 68 162 161 162 163 153 156 153 152 149 148 144 143 134 138 137 135 131 129 126 125 
124 128 130 131 135 137 142 142 146 146 148 147 150 149 152 149 150 149 151 153 154 154 153 155 152 132 108 96 96 100 130 120 121 169 184 185 186 186 186 182 181 178 175 172 169 168 166 164 166 165 162 161 150 68 66 149 161 163 159 154 156 151 149 147 146 145 136 138 137 134 132 129 126 122 125 
121 123 126 129 133 138 139 143 144 148 145 149 148 147 148 149 149 150 148 151 135 84 79 78 100 92 101 144 174 179 190 196 198 189 190 192 188 188 188 184 183 179 174 173 170 169 168 166 165 164 164 162 151 68 65 132 160 163 159 153 155 151 147 146 146 143 142 136 136 135 128 129 125 118 116 
119 122 125 128 134 134 138 137 143 144 147 145 149 147 146 144 146 100 68 70 72 78 118 160 163 167 172 178 180 187 190 194 194 194 196 195 195 191 191 187 186 181 177 174 173 170 169 167 164 165 164 162 154 73 64 86 159 162 159 149 153 151 150 146 152 150 143 136 137 138 136 132 115 76 74 
120 124 128 132 133 136 137 137 144 149 149 152 150 149 134 66 66 67 101 154 154 160 164 171 177 184 180 184 189 192 196 197 202 204 202 202 200 198 198 193 190 185 182 179 178 175 173 172 170 168 167 167 164 78 70 149 164 165 164 161 153 153 153 150 146 146 144 142 137 137 133 130 73 72 74 
117 118 121 125 130 132 134 136 142 146 148 151 145 66 66 70 150 150 152 154 159 161 165 170 178 191 200 198 194 197 198 200 200 207 206 205 202 200 201 197 192 186 182 181 177 175 173 172 170 169 170 167 162 82 72 72 162 157 152 154 152 151 152 150 150 150 148 145 140 137 132 102 74 72 72 
114 112 121 125 129 126 133 135 136 146 150 137 62 66 146 150 153 154 152 154 160 162 166 172 182 193 204 211 211 200 201 199 200 203 206 207 208 204 203 199 195 189 185 182 178 177 174 173 172 170 169 164 162 98 72 112 157 159 153 157 156 153 154 152 152 150 143 137 139 133 130 74 74 69 68 
112 118 120 122 125 130 132 134 133 142 143 63 66 149 151 152 153 152 154 154 157 162 166 171 180 195 210 217 219 219 212 208 201 208 208 211 210 209 206 202 196 189 185 183 177 173 170 170 169 169 165 160 161 155 74 76 164 161 161 153 156 153 154 152 149 147 137 140 134 128 85 72 69 68 66 
110 114 118 120 125 123 126 131 133 138 134 62 101 151 152 153 152 153 153 153 160 162 166 174 182 196 211 218 221 221 221 220 212 209 210 209 211 209 207 201 192 188 183 178 178 170 168 169 168 171 169 168 166 161 72 71 136 159 153 154 153 154 151 146 144 144 136 135 130 119 73 70 69 62 59 
109 111 114 118 122 125 127 127 130 136 130 63 138 150 152 154 154 152 154 151 154 161 164 171 180 197 214 221 223 222 223 220 216 216 214 212 210 206 192 196 192 194 189 187 185 179 177 176 174 173 171 170 168 165 90 80 94 164 153 153 156 152 149 145 145 137 134 128 128 74 69 66 60 53 50 
101 110 112 116 119 122 126 122 125 131 128 66 135 146 150 152 153 150 150 152 154 161 163 170 180 196 215 222 223 224 223 225 224 224 224 224 222 214 214 214 210 202 196 189 184 181 179 178 175 173 174 173 170 169 137 74 155 156 154 154 153 152 148 145 135 137 132 126 87 68 61 60 53 44 39 
82 66 109 114 122 124 125 124 125 126 129 68 137 148 150 150 150 150 150 151 152 164 162 168 178 196 216 224 226 224 226 226 226 224 223 224 224 222 222 221 218 212 201 192 187 183 182 181 181 175 176 174 174 170 163 73 161 153 156 154 153 150 149 142 138 135 125 117 110 88 56 51 41 41 41 
72 87 92 109 113 118 117 126 128 131 131 101 82 143 146 148 150 150 152 151 152 160 162 168 177 191 217 213 221 224 224 224 224 224 226 224 224 223 223 221 220 214 202 194 188 185 184 182 181 180 181 178 176 174 165 101 80 157 153 154 153 150 147 136 138 126 119 64 57 50 44 44 45 40 40 
72 78 73 94 73 110 114 119 125 125 127 136 135 85 146 148 148 148 150 150 152 162 159 166 177 189 178 223 224 226 226 225 224 221 216 209 199 194 189 185 222 219 203 194 189 184 186 184 184 182 181 180 178 176 165 160 156 161 154 152 154 152 146 138 126 115 83 54 46 41 41 44 42 42 41 
39 41 70 82 69 73 75 110 119 118 124 133 136 136 86 130 146 146 146 149 151 152 162 166 170 182 209 213 226 226 226 226 226 226 226 226 226 226 225 224 224 202 200 195 188 186 170 156 151 177 183 183 180 177 169 88 164 160 160 157 154 146 142 132 113 89 52 41 37 37 48 50 42 42 40 
