48 50 44 37 50 55 60 62 64 66 63 68 68 69 72 71 71 74 77 76 75 80 74 80 79 80 83 134 138 140 143 138 143 138 137 144 145 142 144 145 110 88 111 125 144 144 146 143 143 137 138 144 70 51 52 138 137 139 141 143 140 141 137 138 139 136 136 133 133 135 134 133 129 130 126 
47 44 39 37 53 56 64 65 63 63 68 67 75 101 69 72 73 72 80 79 80 74 74 79 81 79 74 91 139 139 137 143 143 143 137 137 143 144 146 143 136 144 144 144 143 144 143 143 142 137 142 142 135 51 49 49 131 134 137 138 136 136 135 134 136 131 136 137 136 135 136 134 135 132 132 
47 47 37 43 55 62 61 64 68 69 70 70 69 73 70 72 73 76 81 74 79 82 82 84 80 84 74 86 129 139 142 137 145 144 146 144 146 146 146 146 148 147 146 143 142 147 147 146 146 145 143 141 139 54 52 52 134 137 140 137 139 139 138 138 134 138 137 136 138 137 137 139 136 137 134 
46 35 38 62 62 63 64 66 68 66 68 73 71 68 70 71 70 75 74 80 79 81 80 74 83 80 74 80 88 139 137 143 144 147 143 144 147 144 146 145 147 148 149 146 147 138 144 144 143 143 137 139 140 69 53 53 136 135 139 138 135 138 137 141 136 135 131 137 136 144 135 0 196 0 0 
0 0 0 193 215 0 0 0 6 0 144 0 0 201 0 0 69 73 74 73 74 72 81 83 79 81 72 83 86 104 140 143 143 144 143 144 146 145 149 148 143 138 146 146 147 145 144 143 143 137 144 138 137 129 52 53 135 130 137 139 138 139 136 133 135 136 137 134 135 132 134 134 135 134 132 
41 37 64 64 63 63 63 67 69 71 71 71 71 71 71 71 73 75 74 80 73 74 80 82 82 83 73 89 96 90 136 143 144 145 149 147 144 141 146 145 147 146 147 147 147 144 146 145 145 143 143 138 141 136 57 52 54 137 140 141 140 138 138 137 138 136 135 134 133 135 135 136 134 137 133 
38 45 61 64 67 64 69 67 64 66 65 69 70 73 71 74 79 74 73 80 80 74 82 82 84 85 74 105 95 86 82 144 146 144 146 147 146 147 149 149 148 148 147 148 146 146 147 147 144 146 146 147 146 144 86 53 56 139 137 142 142 140 137 139 136 139 139 136 136 134 136 136 135 134 136 
40 55 59 67 66 69 71 69 72 72 74 72 75 73 76 77 70 71 72 82 81 83 74 82 80 86 73 84 74 72 136 140 146 144 150 147 148 149 149 148 150 150 145 150 149 147 149 149 149 147 147 146 146 143 135 56 56 139 142 136 142 137 139 139 138 138 138 136 136 137 134 135 134 134 135 
41 55 57 62 67 70 70 72 72 73 75 74 74 74 74 79 79 78 80 80 81 87 66 74 82 81 62 96 144 144 146 146 145 146 146 147 147 150 152 154 155 153 155 153 150 151 148 150 148 148 147 147 147 147 143 59 54 57 136 137 144 144 144 141 139 139 139 135 135 137 138 134 135 136 134 
51 42 55 56 62 70 73 73 72 73 72 75 74 74 80 74 81 74 80 82 82 81 85 82 73 117 145 145 147 146 145 147 147 147 148 150 152 153 153 156 155 154 152 154 153 150 149 149 150 149 147 147 147 146 144 138 55 56 133 144 146 144 146 141 140 140 138 138 137 136 133 135 136 137 135 
47 40 37 44 39 41 72 73 72 77 72 72 77 79 73 81 74 82 80 83 83 82 73 103 144 146 146 148 149 149 148 147 148 151 149 148 151 153 154 156 159 152 156 154 155 150 154 152 151 149 147 150 149 148 146 139 54 57 3 142 145 144 145 137 141 139 138 136 136 135 136 136 134 136 134 
56 61 64 47 51 69 42 72 76 80 76 80 79 74 79 81 80 83 80 83 80 73 139 144 146 147 147 148 151 150 149 148 150 148 152 151 151 153 154 164 158 155 155 155 155 151 151 151 151 151 147 147 143 145 146 143 58 55 58 143 144 149 145 146 145 144 139 138 140 138 138 136 137 136 137 
48 61 55 68 45 65 75 48 77 79 73 74 81 79 84 83 82 82 83 74 110 143 144 147 147 150 150 150 150 150 151 150 150 150 150 152 153 155 159 160 163 160 154 158 155 155 152 152 151 150 150 152 150 147 150 146 143 56 57 142 145 147 147 144 143 143 138 144 139 137 138 136 136 139 134 
50 64 64 56 50 67 73 62 74 79 80 80 81 82 83 86 84 86 74 127 145 145 147 148 149 150 147 151 152 149 151 149 150 151 150 152 150 152 161 162 162 161 162 163 155 151 154 152 154 154 149 152 152 150 148 147 129 58 59 137 146 147 147 146 148 144 145 141 137 137 139 136 135 133 136 
69 47 70 64 45 61 70 70 69 74 80 80 79 82 82 86 86 82 134 142 147 146 149 150 150 151 146 150 152 152 154 152 154 153 150 152 155 156 157 162 162 162 162 163 154 156 157 154 151 154 152 153 150 151 147 148 144 83 58 70 147 148 149 146 146 148 145 144 143 138 138 136 136 138 133 
44 67 48 48 65 72 68 68 71 74 79 78 82 83 82 86 82 133 145 147 148 148 150 150 153 153 150 152 153 154 153 155 155 154 155 154 154 154 154 164 163 161 162 163 162 160 159 154 154 152 155 154 153 151 149 150 148 134 59 58 146 151 148 150 150 147 146 138 143 137 139 136 137 136 136 
53 42 56 64 76 74 73 53 79 80 83 83 82 82 86 87 126 142 144 149 149 152 151 152 155 152 155 155 153 155 153 152 163 152 156 156 155 154 154 162 166 165 165 162 160 165 163 157 154 155 155 155 153 151 150 151 151 146 61 58 147 150 151 150 151 149 147 144 142 142 138 138 136 136 134 
35 43 52 40 59 61 61 61 74 79 79 79 83 81 87 94 146 142 145 151 151 150 150 148 153 153 152 155 154 154 153 155 155 157 153 155 156 153 163 157 162 165 164 154 163 154 161 156 156 157 155 153 152 151 150 149 149 148 70 57 137 149 151 151 146 148 147 143 138 136 126 103 90 87 72 
37 35 37 51 63 67 71 75 75 80 81 74 80 83 88 143 138 147 148 148 153 151 153 153 151 153 152 152 156 155 153 158 154 163 160 157 156 163 157 160 162 164 164 164 163 162 164 154 157 155 155 155 155 152 149 151 150 150 120 60 88 135 101 74 67 59 58 56 55 56 54 53 53 55 55 
43 41 40 47 52 62 68 63 75 75 75 76 77 74 96 137 147 146 150 152 152 152 152 154 153 154 154 156 155 154 157 153 163 158 163 161 159 154 160 165 160 162 164 165 162 162 158 157 158 154 155 154 144 138 111 79 67 62 58 57 57 56 58 59 70 85 103 121 134 137 141 138 136 136 134 
67 49 41 62 62 66 61 69 73 73 76 75 75 80 137 144 147 148 150 153 154 154 151 154 154 155 155 152 152 156 155 162 154 163 165 163 162 160 154 154 154 162 163 164 163 154 152 115 72 71 69 68 67 67 65 70 77 100 116 60 60 152 154 154 163 154 153 153 149 146 144 146 140 138 136 
67 61 59 64 66 68 70 70 74 74 75 75 74 80 141 143 148 149 149 151 152 153 155 153 155 154 155 154 154 157 157 162 160 165 164 163 162 162 156 152 126 86 73 73 71 73 75 79 74 100 139 155 159 153 154 157 157 155 154 71 60 155 155 152 156 154 154 151 151 147 147 143 139 139 137 
64 55 59 63 67 69 72 72 73 74 81 79 80 86 145 146 147 153 151 153 150 154 154 157 157 155 154 155 156 158 160 162 161 163 144 82 75 73 78 75 75 83 99 147 165 164 170 169 168 165 167 167 164 165 154 162 162 154 157 66 64 134 154 154 162 163 156 163 152 152 150 147 143 136 138 
62 64 56 60 64 69 69 71 73 76 79 74 82 97 143 146 149 151 151 151 154 155 154 154 154 152 156 157 157 156 157 119 70 71 72 90 148 171 170 165 164 166 165 166 172 172 169 169 169 169 168 167 165 164 163 162 162 161 161 153 64 92 155 154 159 154 163 155 155 152 148 145 142 143 138 
54 56 51 55 60 64 67 70 70 75 75 74 81 100 144 149 148 149 153 152 154 153 154 155 155 154 154 155 151 90 69 72 100 165 169 172 175 175 174 173 170 164 167 166 173 171 171 170 172 169 169 169 168 166 166 166 163 161 163 153 63 68 162 162 158 154 163 155 156 151 146 146 143 139 139 
53 50 51 50 52 61 67 69 67 74 74 80 81 93 136 146 149 152 151 155 155 154 154 154 154 155 154 144 72 72 140 163 166 168 171 174 176 178 176 175 171 167 168 169 172 174 175 174 172 172 173 170 170 168 169 165 163 154 163 162 67 64 162 162 163 162 163 157 155 152 151 146 144 143 139 
48 50 40 44 45 54 59 66 67 73 75 74 79 85 137 144 149 152 153 155 156 157 155 157 154 155 133 71 83 156 164 165 166 168 170 174 178 178 175 176 175 170 169 170 169 176 176 174 176 175 172 171 170 169 168 165 164 165 164 163 86 64 164 160 163 162 154 163 155 154 149 145 147 144 139 
54 50 45 43 41 46 53 63 66 68 74 75 79 83 136 144 146 151 152 153 156 157 156 155 153 149 72 79 155 160 162 163 167 169 170 174 175 178 178 178 176 175 171 169 170 171 176 175 175 174 174 172 171 169 167 166 165 164 164 154 125 63 154 154 163 162 162 154 156 154 152 147 144 143 136 
67 50 43 44 44 46 49 55 65 69 73 73 74 80 133 139 142 149 151 154 156 154 163 155 150 126 71 152 155 160 163 164 167 170 171 173 175 176 179 179 178 178 175 173 173 172 178 179 178 176 178 175 172 173 170 169 168 169 165 166 149 66 156 163 164 163 162 159 153 154 150 147 147 143 137 
55 40 37 37 39 39 41 47 84 88 71 75 73 115 92 139 146 149 151 154 157 158 157 156 155 86 80 155 154 161 162 163 166 169 172 174 176 179 179 179 179 179 179 174 173 172 174 181 179 177 177 175 175 174 170 169 166 167 163 162 80 68 135 154 158 158 157 156 155 154 152 147 144 138 139 
42 38 34 35 35 37 35 36 38 87 99 110 71 80 115 144 138 0 192 0 0 0 39 0 0 192 227 193 215 0 0 0 1 0 0 0 1 135 255 0 180 179 176 178 174 170 172 178 177 175 172 173 171 171 168 167 166 165 164 164 153 70 85 157 157 157 160 158 157 158 155 150 147 144 143 
39 37 37 36 37 35 37 149 149 150 152 147 63 63 133 149 151 151 152 154 157 161 166 172 181 191 202 210 208 200 199 200 202 202 206 204 205 202 200 198 191 186 183 181 177 174 174 172 171 170 169 168 162 85 72 72 153 157 152 156 156 162 155 153 150 148 145 142 136 136 132 74 73 69 69 
114 112 122 125 130 138 145 145 146 149 145 62 62 143 148 150 149 153 152 154 153 160 164 170 180 194 206 215 218 217 207 201 201 205 204 207 208 204 204 200 194 185 183 181 177 174 170 169 166 165 164 161 159 147 70 82 153 153 160 157 157 162 154 150 148 148 142 135 133 132 88 71 69 67 64 
113 116 120 125 130 139 143 149 148 148 134 62 101 145 150 152 152 153 154 154 159 162 167 170 181 194 210 217 220 220 220 213 210 201 206 208 209 208 206 201 192 185 182 178 176 173 169 167 168 169 169 168 166 161 72 73 153 161 161 130 153 156 152 151 145 143 137 132 132 122 74 70 66 63 61 
104 110 116 122 125 134 142 146 146 145 130 62 142 146 147 150 151 150 150 154 157 161 164 169 178 198 213 220 222 222 222 221 214 211 211 210 206 204 194 192 189 186 184 183 179 175 175 173 173 173 170 169 167 165 84 73 100 162 159 152 154 153 149 142 145 136 133 130 125 75 70 69 60 56 51 
101 110 113 118 125 133 137 136 142 143 133 62 135 146 145 150 150 150 150 153 154 161 164 169 180 195 213 221 223 223 223 222 224 224 223 222 216 210 209 209 201 200 193 186 184 180 178 176 178 174 173 174 170 168 119 79 84 154 154 156 153 154 148 145 137 138 133 126 94 67 64 60 55 45 36 
69 71 111 118 122 127 133 135 138 134 131 62 136 143 145 149 149 151 150 150 155 153 162 169 177 192 213 222 224 224 225 224 223 223 224 223 223 220 219 218 214 208 197 191 185 183 181 178 177 175 174 174 173 166 166 81 81 156 154 153 153 151 147 144 137 133 122 118 102 90 55 52 40 38 38 
87 90 86 109 117 124 129 133 131 134 131 80 92 142 144 149 150 150 149 152 153 161 163 168 178 190 221 221 223 224 224 226 224 223 221 223 222 222 221 221 218 212 200 192 188 185 182 181 182 179 179 177 174 172 163 80 164 157 156 154 147 153 144 143 136 126 118 67 61 53 44 40 43 39 38 
65 82 84 90 83 116 122 122 130 130 127 130 113 94 143 144 144 148 148 151 151 154 160 166 176 197 180 222 224 223 222 218 212 201 196 192 189 186 183 183 223 216 202 192 187 185 184 182 182 181 179 178 177 173 164 152 154 161 150 155 151 150 145 136 130 118 86 54 46 40 37 45 41 38 37 
42 42 76 90 73 75 88 116 121 124 127 129 132 128 70 142 146 147 148 149 152 162 158 164 172 182 182 223 226 226 226 225 224 224 224 223 224 223 222 223 222 218 200 194 188 184 178 165 166 178 181 180 177 173 162 96 116 160 156 158 152 147 142 130 116 95 53 41 37 35 48 45 40 41 38 
