174 178 180 181 181 184 184 185 184 185 188 189 187 184 188 190 190 192 191 194 192 192 189 189 188 186 185 185 183 182 182 182 181 181 179 181 178 177 174 172 165 80 122 114 54 49 50 61 160 165 166 169 170 171 170 168 169 168 169 170 170 171 172 172 173 172 170 172 170 170 169 169 169 165 165 
172 180 181 181 182 184 184 186 186 188 189 190 187 184 184 183 186 190 192 194 191 194 192 190 190 188 186 187 184 184 183 185 184 183 182 182 178 179 177 173 167 57 50 51 50 50 57 162 164 169 170 169 170 170 170 171 169 169 170 173 172 172 173 173 173 171 170 172 171 169 169 170 169 169 164 
174 175 177 178 182 184 186 185 186 189 189 187 184 184 181 184 186 186 190 192 192 192 190 192 190 191 189 185 186 184 183 184 185 184 183 182 182 181 178 172 61 52 51 53 52 58 163 166 166 169 168 170 171 172 170 170 171 171 168 171 173 173 173 173 173 170 171 172 170 170 170 166 165 166 164 
175 176 177 177 179 181 180 181 185 186 186 187 182 182 182 181 183 186 190 192 192 190 190 190 190 190 191 188 188 186 184 185 186 183 185 183 182 181 175 62 53 52 53 54 60 163 169 167 171 170 172 173 173 170 172 173 171 169 174 174 174 174 174 174 173 173 173 170 171 170 173 168 169 168 166 
174 176 178 178 180 180 182 184 184 186 187 184 185 183 182 181 181 189 192 190 192 192 191 190 191 194 190 190 189 190 189 189 185 186 185 184 182 179 64 56 53 52 54 58 164 170 170 171 172 173 173 173 173 174 172 174 170 173 173 174 174 176 173 172 173 174 173 172 170 169 169 167 168 166 164 
176 176 178 178 178 180 181 183 184 186 186 186 182 182 181 182 186 190 192 192 191 191 190 192 190 190 191 188 189 188 188 188 188 186 183 184 179 70 56 54 53 55 62 165 168 171 171 171 173 172 170 173 174 173 174 173 173 173 173 173 174 173 173 174 174 173 173 167 172 170 170 166 166 165 164 
174 175 177 178 176 179 183 183 185 185 188 188 186 185 184 185 186 188 190 192 190 191 191 192 192 190 189 189 189 188 188 188 188 186 185 181 82 55 53 53 56 70 170 173 172 174 174 174 175 173 175 174 173 174 173 174 174 173 174 173 173 173 173 173 172 171 173 171 171 170 170 170 165 165 163 
174 175 176 176 178 178 182 183 185 188 188 188 186 186 189 188 189 186 186 188 186 190 190 192 191 191 190 189 190 188 188 187 186 181 178 82 54 54 54 58 94 169 174 174 175 174 175 175 176 175 174 176 176 176 174 176 174 175 174 174 173 174 176 174 174 173 171 172 170 169 166 169 166 166 165 
175 174 176 178 178 182 183 186 186 186 187 188 188 189 188 189 188 188 186 193 215 0 0 0 2 0 144 0 0 196 97 7 186 170 56 55 52 54 58 146 173 178 176 175 175 174 177 176 175 175 178 174 177 174 176 177 176 176 173 176 175 174 174 172 173 173 174 172 170 169 170 168 166 166 163 
174 173 176 178 180 181 184 184 186 187 189 188 186 186 188 189 186 185 186 186 188 189 188 189 189 186 189 188 190 189 188 188 183 61 53 56 56 58 177 181 181 181 176 178 178 178 178 177 177 178 177 178 178 178 176 176 177 177 160 177 175 176 175 174 173 173 173 173 173 170 170 168 169 166 165 
174 176 177 180 180 184 183 185 185 186 186 187 186 188 187 188 189 188 186 189 186 188 189 188 190 189 187 184 187 189 189 183 61 55 56 58 62 181 184 185 183 182 183 182 178 180 179 178 178 178 179 178 178 177 177 178 177 177 176 177 178 176 176 175 174 173 173 171 172 171 169 168 168 165 164 
176 177 176 180 182 184 183 184 186 188 185 186 187 186 187 189 188 188 188 188 186 189 190 189 189 190 188 188 188 186 185 178 57 54 58 64 184 184 186 185 184 184 184 182 182 182 177 181 178 179 178 180 177 177 177 178 178 176 178 178 177 176 174 176 175 174 173 171 171 169 169 166 165 165 162 
175 174 178 180 181 183 184 184 184 186 184 185 185 186 186 189 186 186 187 184 188 189 190 190 190 190 189 187 186 186 174 58 55 56 62 183 184 186 185 185 184 185 184 183 183 182 184 181 178 178 178 178 179 178 178 178 178 177 176 176 176 177 174 175 174 173 174 174 170 170 169 166 166 163 100 
173 178 178 181 182 184 184 184 185 185 185 185 183 186 186 188 186 188 186 189 190 189 192 189 190 189 189 188 184 181 60 57 57 64 181 184 186 188 188 186 185 184 184 185 183 184 184 183 184 180 181 180 181 180 180 178 178 180 178 178 176 178 176 175 176 176 174 174 171 170 169 165 154 110 104 
174 177 179 181 182 185 184 184 185 186 185 185 184 186 186 186 187 185 189 186 190 190 192 188 191 190 189 186 184 64 58 58 64 183 184 186 188 186 188 189 186 185 185 182 183 184 186 184 183 182 180 181 181 180 181 179 180 180 178 178 178 177 178 174 173 175 174 173 171 169 165 117 110 98 102 
175 178 178 182 183 184 183 184 184 185 183 185 186 185 186 186 188 188 189 190 191 191 191 190 190 190 186 184 73 58 58 61 181 185 186 184 189 189 186 186 186 188 185 186 183 184 182 182 181 181 182 183 179 180 180 181 178 179 178 176 178 178 176 176 176 176 174 173 170 154 110 100 100 105 103 
172 177 177 182 183 184 182 182 185 185 184 184 184 186 186 186 187 188 189 190 192 190 191 190 189 186 185 74 59 57 61 147 184 185 188 187 188 189 189 187 186 183 182 184 186 184 183 182 182 185 183 182 184 182 180 180 181 179 179 178 178 177 178 178 174 174 170 164 116 110 110 110 102 102 104 
172 178 181 180 183 181 182 184 183 183 183 184 185 185 186 187 187 186 189 191 192 192 191 190 188 188 153 62 60 61 110 181 183 186 187 189 189 188 187 188 185 185 184 181 182 184 185 182 183 184 182 182 184 183 183 180 178 178 178 178 178 178 176 176 172 171 130 112 104 109 109 105 101 101 102 
169 178 179 181 182 183 183 182 183 184 185 185 184 186 187 187 186 188 190 190 192 192 190 191 188 184 69 63 61 111 179 183 184 186 186 187 190 187 188 189 186 184 184 182 182 180 181 183 183 183 180 183 182 183 182 182 182 180 179 176 178 177 176 171 166 117 115 111 110 105 101 109 109 101 101 
169 177 178 182 181 181 180 181 183 182 184 184 184 185 184 185 186 187 189 192 192 190 188 189 185 178 65 62 86 178 182 184 184 186 188 188 190 190 188 186 185 185 183 181 178 182 182 181 182 182 182 182 181 182 182 182 182 181 181 180 179 176 169 130 118 115 113 113 109 113 109 101 101 102 99 
151 177 181 180 180 180 181 181 183 182 182 184 184 184 185 186 189 188 190 191 192 191 190 188 185 78 64 69 178 180 182 185 185 188 189 189 189 189 189 186 186 184 184 182 182 180 182 180 182 181 180 183 185 182 181 182 182 181 181 178 172 169 120 117 114 113 112 111 110 109 101 109 101 102 99 
114 173 177 178 178 178 178 181 182 183 181 182 184 184 184 184 188 186 189 190 191 190 189 185 175 67 63 126 179 181 183 182 184 185 187 186 188 188 188 186 185 183 183 181 183 182 180 181 181 181 179 180 178 182 182 180 180 181 179 176 169 169 153 116 110 114 109 109 109 111 107 101 104 102 100 
112 149 174 176 178 177 176 178 179 181 181 180 182 183 184 186 186 186 188 190 189 188 186 182 102 62 62 170 181 182 182 184 184 185 185 185 185 186 187 186 182 182 182 181 181 180 181 181 180 179 179 180 178 179 177 179 178 172 169 165 166 152 117 109 112 110 111 109 101 109 102 105 101 102 101 
104 112 170 173 174 176 177 177 178 180 179 181 183 184 186 186 187 189 189 189 188 188 186 181 70 65 69 177 181 182 183 184 185 186 186 188 188 187 186 182 185 182 184 182 182 179 180 181 181 177 179 179 174 178 175 173 18 120 128 152 121 114 111 114 113 110 112 110 110 109 102 101 103 104 101 
104 104 150 173 174 176 178 178 177 180 182 180 179 182 184 186 186 187 188 189 188 186 184 178 69 63 71 178 178 182 183 185 185 185 185 189 186 188 184 184 184 184 182 181 182 182 181 180 179 178 177 178 178 174 125 113 118 116 115 113 116 113 111 114 110 101 110 109 102 103 104 104 98 102 102 
101 101 110 166 170 172 173 175 176 178 177 180 180 182 182 184 186 187 186 188 188 184 182 176 69 63 88 176 180 181 183 183 184 186 188 185 186 185 184 184 184 182 182 182 182 180 181 180 178 180 179 178 169 122 120 118 116 115 114 117 112 116 113 111 112 110 105 109 111 108 105 104 101 99 99 
98 98 101 117 165 169 172 173 174 174 176 175 178 181 181 184 185 184 186 188 186 184 181 176 69 63 114 174 178 182 183 182 184 185 185 185 185 184 182 181 182 181 182 180 181 182 177 178 179 177 175 146 120 118 116 112 114 113 114 115 113 114 112 110 102 110 110 102 109 103 105 102 101 101 98 
93 98 99 102 138 166 169 169 172 174 174 174 177 178 180 182 183 184 185 182 183 178 180 174 70 63 104 174 178 180 181 182 182 183 182 181 184 184 182 181 178 180 177 178 179 177 178 178 177 176 131 109 108 108 100 103 108 105 102 107 101 108 100 110 100 101 104 101 103 102 102 103 102 101 95 
92 96 98 101 103 148 164 168 170 170 173 174 178 177 178 181 182 182 182 180 181 180 180 175 81 64 86 172 177 179 180 181 182 182 183 183 181 182 181 178 180 178 179 178 179 176 175 174 173 152 115 116 114 112 114 112 113 111 111 109 109 101 108 109 109 109 100 103 99 106 104 101 99 101 98 
96 93 94 96 100 102 156 165 168 169 170 173 174 176 175 178 178 178 180 178 178 178 177 174 126 66 76 171 173 178 178 181 180 182 182 183 181 179 180 181 178 176 178 176 177 174 175 174 172 120 114 114 117 115 115 114 113 113 112 110 109 110 110 101 110 109 102 110 100 100 109 105 110 102 101 
98 95 95 96 96 98 103 154 162 169 168 169 170 172 176 176 178 178 175 177 177 175 174 173 165 69 70 170 172 174 177 178 178 180 178 180 179 178 180 177 176 177 173 175 174 174 170 172 150 113 114 114 110 113 114 114 112 113 110 109 111 110 109 102 109 109 96 102 102 101 101 104 102 102 98 
142 95 114 98 94 95 101 104 152 165 169 169 168 170 172 173 174 176 178 175 176 174 173 173 169 101 69 110 170 174 174 175 177 177 174 177 178 176 175 175 176 176 174 175 173 174 170 170 144 113 112 110 109 110 114 110 112 110 110 102 110 110 109 111 108 109 108 102 101 108 110 102 101 101 98 
130 142 133 135 92 95 95 96 99 125 161 164 166 167 170 172 172 171 173 174 173 172 172 170 169 164 78 71 156 168 172 172 174 176 174 174 174 173 173 173 172 170 174 174 172 172 171 170 162 112 112 110 113 111 110 110 111 110 110 108 109 109 100 105 111 101 101 107 102 100 102 102 98 100 94 
130 133 132 94 90 92 92 95 93 98 105 162 163 166 166 169 166 170 170 170 170 170 173 168 170 165 152 72 74 164 168 172 172 172 172 173 174 170 172 171 170 173 170 169 170 170 168 169 164 152 114 114 114 115 125 113 113 110 111 109 108 110 102 109 102 104 105 102 105 96 102 100 101 96 99 
130 131 130 131 94 94 90 92 89 92 94 96 135 160 166 166 167 167 169 169 168 169 166 165 165 164 164 161 89 72 144 144 169 144 196 0 192 11 0 0 39 0 11 193 215 0 0 0 7 0 0 0 31 135 255 0 150 110 109 101 98 99 110 103 110 102 102 102 102 99 100 100 101 96 98 
124 128 128 132 132 131 90 95 93 90 90 90 95 101 150 161 164 163 163 165 165 164 166 164 169 163 162 162 154 133 72 88 164 167 167 168 170 168 168 169 169 165 168 166 167 165 166 166 165 168 169 169 169 169 142 119 111 109 108 104 101 101 104 103 102 106 104 103 100 101 103 100 102 101 94 
117 120 130 126 130 136 144 148 151 136 94 90 93 94 94 102 153 154 153 161 161 161 163 162 162 165 162 154 164 160 156 117 74 101 154 164 169 166 169 167 166 166 165 165 166 168 162 169 169 166 166 165 153 162 162 151 149 103 100 103 104 103 102 104 102 101 99 98 100 102 101 101 100 98 94 
122 109 124 133 138 136 136 136 132 134 110 114 92 93 94 96 100 101 136 153 155 153 156 154 157 154 158 153 157 159 164 162 156 135 72 83 151 157 161 162 153 154 162 162 166 167 168 165 163 156 157 161 157 157 152 157 156 157 146 102 103 101 101 101 96 100 100 101 100 102 101 98 96 95 94 
124 126 124 118 82 121 124 126 127 130 130 127 130 96 92 94 94 96 96 98 114 146 149 152 151 152 152 152 154 154 153 156 155 152 154 152 125 69 81 146 158 162 165 100 100 98 98 96 98 96 92 96 93 94 94 94 94 95 93 94 92 90 93 90 88 85 78 78 72 70 68 80 72 65 57 
68 74 82 85 93 95 98 100 108 111 114 119 121 126 126 130 136 142 143 148 153 152 154 161 163 165 165 168 169 169 169 171 169 168 170 166 152 103 98 98 93 93 95 95 94 95 90 90 93 86 90 89 87 86 88 85 84 82 81 81 80 82 78 78 71 69 66 63 60 74 84 60 54 54 54 
