166 168 169 169 170 171 174 173 172 174 174 174 174 174 174 177 181 182 184 186 188 189 189 190 190 188 186 183 181 177 142 59 51 50 52 56 171 175 174 176 176 110 117 132 162 172 176 177 176 175 173 172 170 169 170 169 169 168 169 170 170 170 172 173 173 172 172 174 173 172 170 170 169 167 169 
166 168 169 170 170 170 169 170 170 174 173 174 170 170 171 173 177 182 186 188 189 189 190 188 188 188 186 184 185 181 176 60 52 52 50 56 173 178 178 180 178 178 178 176 175 174 175 178 178 176 173 172 172 172 170 169 168 170 170 170 170 174 172 173 174 174 172 172 172 172 170 169 169 166 166 
166 170 170 170 169 170 170 171 170 173 172 171 168 169 169 172 178 182 186 189 189 189 191 189 189 188 186 188 186 182 178 61 53 49 50 56 174 179 181 181 181 181 181 180 178 178 176 177 178 177 174 174 174 172 170 168 170 170 170 169 170 170 170 171 173 173 170 172 169 172 172 169 169 168 110 
170 170 170 171 169 170 170 170 171 171 174 170 167 166 170 170 177 182 189 188 189 189 190 190 190 190 189 186 186 183 178 74 53 49 51 54 178 181 181 182 182 182 183 181 181 180 178 179 179 178 177 176 174 175 172 171 172 169 169 170 172 170 172 173 172 172 173 174 173 168 170 170 169 146 110 
170 170 171 169 169 170 170 171 171 172 170 170 169 170 170 172 178 184 188 189 187 189 190 189 187 186 186 185 184 184 181 151 55 51 52 55 178 181 184 185 185 182 184 184 183 181 180 178 178 178 177 178 176 174 173 172 170 172 170 172 171 172 173 172 174 173 173 173 172 171 171 165 169 111 104 
167 170 169 169 171 169 164 170 171 170 174 172 169 172 173 174 180 186 188 189 190 189 190 189 188 188 188 186 185 184 184 175 56 52 52 54 170 179 184 184 185 184 186 185 184 182 181 181 179 180 178 178 178 177 176 175 172 173 171 170 173 172 172 172 173 170 172 170 173 173 170 165 135 103 100 
166 169 171 170 170 169 169 168 168 170 173 173 173 172 176 182 184 189 189 189 188 189 189 188 188 186 185 184 185 184 182 39 58 50 50 54 150 182 184 184 182 185 185 185 183 182 182 180 179 179 179 178 178 175 173 174 174 172 173 172 171 170 172 171 173 170 174 171 171 170 169 169 101 104 104 
170 168 169 144 169 0 192 0 0 0 35 0 0 192 227 193 215 0 0 0 7 0 144 0 0 196 0 0 184 184 182 181 62 53 50 52 96 182 183 185 184 185 185 183 183 183 182 180 181 179 178 180 178 175 175 173 173 172 173 170 171 169 171 170 171 173 172 173 169 171 169 153 106 102 102 
168 167 168 167 166 169 166 169 169 169 171 175 177 179 181 184 186 185 187 186 189 187 184 186 184 184 184 176 183 184 184 184 74 54 52 54 64 181 184 182 183 185 185 184 184 185 183 182 182 180 180 179 178 175 175 174 172 172 172 170 170 171 171 170 171 171 172 171 170 169 169 102 104 104 101 
170 169 166 165 165 166 169 168 170 170 171 174 176 180 182 184 185 185 186 186 186 185 186 186 186 184 184 186 185 184 186 184 155 56 53 53 58 181 184 185 184 186 184 186 184 185 184 182 182 181 182 180 179 177 178 175 173 173 172 171 172 173 170 174 170 172 172 173 171 169 170 110 104 110 103 
166 166 165 166 168 166 167 167 170 172 174 174 178 180 180 184 184 186 185 185 185 186 185 185 182 185 184 184 186 184 184 186 180 58 54 56 58 180 184 184 183 182 185 182 184 182 184 182 182 182 182 180 178 177 174 174 173 171 172 173 173 173 173 170 172 170 173 172 171 170 150 109 110 104 102 
160 164 165 162 163 165 169 170 167 168 171 173 174 180 182 184 183 182 185 183 183 183 182 182 180 182 181 183 182 182 183 185 182 61 52 52 55 177 181 184 184 184 184 184 183 183 183 183 183 182 182 181 181 178 176 172 174 173 172 172 174 173 170 170 173 171 172 171 171 169 119 102 102 101 100 
142 162 163 164 163 165 163 166 169 168 173 173 175 177 181 182 180 182 181 182 182 182 182 182 183 182 183 182 184 183 185 186 184 120 55 55 53 108 180 183 183 182 182 182 183 182 182 184 184 184 183 181 180 178 175 174 173 174 170 173 173 173 170 170 172 172 172 170 170 168 114 110 109 104 101 
86 158 161 161 162 161 166 166 165 170 170 172 178 177 177 181 180 182 182 182 181 181 178 181 182 182 182 183 184 184 187 186 186 177 58 54 56 60 179 180 182 181 182 182 181 183 184 183 182 184 185 184 181 178 176 176 173 174 173 172 173 174 174 173 171 173 172 170 170 169 112 110 101 109 104 
85 96 156 157 163 163 163 166 170 169 170 174 176 180 179 180 180 181 178 181 179 179 180 179 181 180 182 182 184 185 186 188 186 182 62 55 55 55 177 178 181 181 180 182 182 182 182 182 184 184 183 182 180 177 175 173 173 172 171 173 173 171 173 171 170 173 170 172 170 169 110 106 104 101 100 
85 88 118 157 162 163 164 166 169 170 173 175 177 178 178 179 179 179 180 180 178 178 179 178 180 181 182 184 185 187 188 186 186 184 133 58 56 56 133 180 179 180 182 182 182 182 184 184 184 186 185 182 182 174 177 173 173 173 175 173 174 173 170 174 175 173 172 173 173 165 110 109 101 102 102 
80 85 92 134 156 162 165 165 168 170 174 178 178 180 178 178 179 178 178 178 179 178 179 180 178 182 181 182 183 186 185 186 184 181 177 62 55 58 61 175 179 180 180 180 182 181 182 184 186 184 182 180 178 178 175 174 174 173 173 173 173 173 170 174 173 174 173 172 173 167 102 110 109 102 104 
86 86 88 94 150 153 164 166 166 172 176 178 177 178 178 178 178 178 178 177 178 178 178 177 178 181 181 182 183 183 186 185 184 181 181 132 58 57 57 146 177 179 178 178 181 181 180 184 184 185 182 181 177 177 175 173 174 173 174 172 172 173 174 173 170 174 172 172 169 169 101 101 109 111 101 
90 90 87 90 98 156 161 165 169 173 177 176 180 178 178 177 177 177 176 177 177 177 177 178 178 178 180 182 182 184 186 182 181 182 178 173 63 56 58 61 174 178 178 178 181 181 181 184 184 184 182 180 177 177 175 173 173 174 174 174 173 172 172 170 172 172 170 173 173 169 121 110 110 110 104 
93 94 93 93 94 99 157 163 170 174 178 180 178 178 177 177 177 176 177 177 178 177 180 177 180 181 181 182 184 185 184 185 181 181 180 177 168 60 63 58 115 174 177 179 179 181 184 182 181 183 180 180 178 178 175 174 172 174 174 172 173 173 173 172 173 173 171 173 170 169 160 113 110 101 111 
98 94 94 94 94 102 102 163 170 175 178 180 178 178 178 178 177 175 173 175 175 178 178 177 177 180 182 184 184 184 184 182 181 179 178 177 176 83 61 57 61 170 176 178 179 181 182 184 183 180 180 179 176 176 174 172 173 173 174 173 173 174 172 173 173 174 172 171 172 170 169 112 113 102 157 
98 94 99 98 99 102 102 108 169 175 177 180 180 179 177 177 178 175 176 175 169 169 170 171 170 173 175 175 177 178 178 177 175 174 173 172 170 161 61 58 59 101 171 174 177 178 181 180 180 177 180 177 176 177 175 174 173 173 174 172 174 171 173 169 171 170 172 172 171 168 168 103 101 152 157 
94 93 94 96 97 96 98 103 104 166 170 173 170 170 170 169 168 169 166 168 169 168 169 170 170 174 174 174 176 178 177 178 172 172 174 171 171 170 160 61 60 61 156 173 174 177 179 180 178 178 178 177 173 174 175 173 173 172 172 171 172 173 172 173 173 171 173 172 171 170 170 166 164 161 159 
98 98 97 95 98 101 102 109 110 109 164 172 170 170 169 169 167 168 166 165 166 167 170 169 172 174 177 174 177 179 177 176 175 174 173 173 171 170 169 152 62 61 64 165 173 176 178 179 179 178 176 173 174 171 172 172 173 173 173 173 173 173 171 173 172 172 172 172 171 170 169 169 167 162 146 
93 96 101 98 96 99 99 96 104 104 100 119 169 169 170 165 165 166 166 167 168 169 168 167 168 173 172 174 176 176 174 173 174 172 172 169 170 169 169 164 148 62 61 61 166 172 177 174 176 176 174 174 173 172 173 171 171 170 171 172 172 170 169 170 172 169 170 171 169 171 167 166 165 165 162 
150 92 143 147 102 98 97 102 100 102 102 101 110 164 165 167 166 166 165 167 166 169 166 169 172 173 174 173 175 174 176 174 174 172 172 172 170 169 170 169 170 151 62 60 61 134 172 173 173 175 173 172 171 173 171 172 170 170 173 170 170 171 170 170 172 171 171 172 173 168 165 169 165 162 163 
161 151 143 149 145 98 100 99 100 102 101 103 102 104 150 162 165 164 163 168 166 162 166 167 170 171 173 172 174 175 174 173 172 170 170 172 170 170 169 170 169 169 161 67 61 62 94 171 173 174 174 172 172 172 170 169 172 171 173 171 172 171 173 170 173 170 174 171 170 169 168 166 165 163 162 
162 162 148 128 130 118 103 101 102 102 104 101 103 101 109 112 162 165 163 166 168 166 169 168 170 168 171 174 174 174 172 172 172 171 170 170 170 170 172 170 170 168 169 166 97 62 62 68 165 170 171 172 171 170 171 169 170 173 173 170 169 170 171 170 173 173 171 170 170 169 166 165 165 163 160 
162 156 156 147 92 102 98 102 98 101 101 102 98 98 102 102 100 135 162 164 165 165 166 167 169 167 170 173 173 172 170 168 170 169 169 169 168 169 170 169 170 169 170 169 170 162 70 63 66 79 165 170 170 169 169 170 170 171 170 170 170 172 174 173 172 169 170 167 168 166 166 166 165 162 161 
154 155 156 156 153 96 110 103 101 109 99 96 98 95 99 99 100 102 103 156 163 162 164 166 169 170 170 171 171 170 170 170 168 169 169 167 169 168 170 168 168 168 171 170 172 169 169 160 70 64 64 83 165 166 169 170 169 166 169 168 170 173 172 166 166 165 165 165 166 166 164 163 162 161 162 
154 154 156 156 155 156 125 95 99 102 99 100 100 98 101 98 99 99 98 101 100 152 161 164 165 167 167 161 168 168 165 166 168 168 166 165 166 169 168 170 165 170 169 168 170 169 169 167 167 162 78 61 64 69 152 165 166 166 168 169 170 168 163 164 165 162 165 164 165 165 162 162 161 161 152 
152 155 157 154 158 159 152 152 118 96 111 125 101 101 100 99 100 97 101 101 100 104 100 134 164 162 164 166 168 164 166 169 166 169 165 169 161 169 166 168 166 166 169 169 168 170 169 169 170 165 166 164 146 70 62 63 72 150 169 166 163 162 162 165 163 163 164 164 165 162 164 161 154 162 162 
157 157 157 152 162 161 161 161 159 156 142 169 162 155 110 100 98 101 101 96 100 101 99 103 102 114 154 161 164 164 164 164 165 163 164 165 166 166 166 164 166 165 168 167 169 166 168 167 168 169 165 165 165 163 162 162 120 68 62 60 66 85 152 163 161 162 162 163 163 162 162 162 159 156 156 
148 154 162 162 160 162 162 160 164 166 169 171 159 153 92 120 104 103 99 101 102 96 100 101 103 98 103 108 136 130 160 161 161 163 161 163 163 163 164 164 166 165 164 167 165 165 165 166 166 166 165 165 162 164 164 164 162 152 152 152 150 93 58 58 156 159 154 160 159 163 162 159 154 162 154 
154 111 144 160 161 162 165 168 169 170 163 162 157 153 150 147 101 118 102 102 98 96 98 100 98 98 100 99 101 102 100 122 155 159 158 160 162 153 160 163 162 163 163 165 163 165 165 166 163 162 164 165 166 164 160 152 150 149 152 150 152 152 152 73 62 155 155 160 163 162 157 153 156 155 152 
154 153 156 136 104 165 167 168 169 165 160 156 153 153 153 152 150 150 135 94 108 95 100 98 96 96 100 98 101 98 99 102 101 103 111 142 152 156 160 157 152 162 163 163 163 165 162 164 164 165 165 164 163 154 152 150 150 150 150 150 151 151 151 152 62 127 152 154 158 162 153 154 153 152 100 
154 156 157 156 163 160 98 135 164 154 153 150 153 150 152 154 150 151 147 149 146 116 104 95 96 94 96 96 98 98 98 96 98 97 98 99 100 100 103 131 152 156 157 159 163 162 162 165 166 160 156 152 149 152 152 147 148 150 146 151 152 151 153 150 61 149 151 153 153 154 156 153 152 101 86 
117 144 154 163 166 166 165 153 150 94 117 151 154 153 153 153 152 152 150 150 149 144 147 133 104 101 99 96 100 99 95 96 98 94 95 94 93 94 96 96 101 98 102 102 118 155 163 160 156 150 150 152 150 150 150 150 151 146 146 150 151 150 152 131 79 151 149 149 152 154 154 141 100 100 81 
105 105 109 114 152 154 156 155 152 152 150 145 83 142 149 150 150 150 150 150 147 149 148 146 146 133 101 99 98 99 94 94 96 94 94 93 93 93 94 94 94 94 99 93 98 98 98 100 100 96 96 146 150 150 150 147 150 148 146 149 148 147 145 79 146 148 151 148 150 150 110 93 98 94 92 
102 104 104 109 108 110 114 149 154 152 150 152 149 149 131 88 147 146 150 149 150 149 146 146 146 147 144 122 102 98 98 98 97 94 94 95 94 90 90 93 93 94 96 95 98 94 95 95 94 90 92 97 146 148 147 145 145 145 144 144 144 117 130 145 145 146 146 146 100 94 92 88 92 133 126 
