173 175 175 174 178 178 180 180 182 181 181 182 180 177 176 177 178 180 182 182 183 183 184 181 185 184 184 184 183 182 182 181 181 180 179 177 161 54 53 54 54 72 122 139 180 180 181 182 181 181 180 181 180 179 179 178 178 178 177 176 178 178 178 177 178 176 176 175 174 175 174 172 173 171 172 
174 175 174 178 178 179 180 180 182 182 183 181 176 176 173 176 177 181 182 184 182 186 185 185 186 186 186 186 185 182 183 182 184 180 180 175 62 52 52 54 56 142 178 182 184 184 182 184 182 182 182 182 183 181 181 179 178 178 177 179 177 178 180 179 176 177 178 176 178 175 173 174 173 173 172 
170 174 172 175 178 180 179 181 181 182 182 182 178 176 176 173 177 180 182 182 185 185 184 186 187 184 185 186 185 185 182 182 181 182 179 165 55 53 53 54 62 178 182 184 182 184 184 182 184 184 182 182 181 181 179 179 177 178 179 178 178 178 178 178 178 177 178 177 176 175 174 173 172 174 172 
175 177 175 177 178 178 180 180 180 182 182 179 177 176 174 176 176 181 186 186 188 186 187 186 187 185 186 186 184 186 183 183 181 181 178 62 53 54 55 57 176 182 184 185 186 184 184 185 185 183 182 183 182 180 182 181 178 179 179 180 178 179 177 179 178 178 176 175 176 175 174 174 173 172 171 
175 178 177 178 178 180 181 182 182 184 182 181 177 175 173 174 178 186 187 188 186 188 188 187 187 189 187 185 185 186 182 185 181 182 162 56 52 53 58 117 181 186 186 186 186 186 185 185 184 185 182 181 182 182 181 179 178 178 180 181 180 181 180 179 178 178 180 176 177 177 174 173 174 173 172 
177 178 175 179 180 179 181 183 184 184 182 181 178 179 179 179 182 187 189 189 189 187 190 189 189 190 189 186 186 186 184 186 181 175 58 54 52 55 62 182 185 186 188 187 187 185 185 184 186 185 185 182 183 181 182 182 182 182 182 180 181 180 180 179 180 178 178 177 177 177 176 174 173 174 170 
174 174 178 181 182 182 182 182 182 183 183 193 215 0 0 0 1 0 144 0 0 201 0 0 189 189 190 188 188 186 186 186 184 112 52 52 54 60 179 184 186 186 187 188 186 188 185 185 186 184 183 184 183 182 180 181 180 181 182 181 181 179 178 180 179 178 179 178 178 175 175 174 174 171 172 
176 179 179 181 182 183 184 186 184 184 183 180 181 181 184 186 187 188 188 189 189 190 190 190 189 189 188 190 187 188 188 184 174 55 52 53 57 138 183 186 186 188 187 188 186 187 186 185 186 182 184 182 182 182 182 183 181 182 180 181 179 181 178 180 179 179 180 178 177 178 174 172 173 174 171 
175 177 178 181 182 184 183 185 184 183 181 182 183 182 184 184 186 186 186 189 189 190 190 189 189 190 186 188 186 186 185 181 60 54 50 54 69 183 186 186 185 187 189 189 189 186 185 186 184 184 183 184 182 180 181 182 181 180 178 181 181 181 180 181 179 178 181 178 176 178 176 174 173 172 168 
176 175 179 180 182 183 184 183 183 182 182 183 183 182 183 185 185 186 189 188 190 190 190 189 189 189 189 186 186 186 184 86 55 53 55 61 182 185 186 187 189 187 186 186 188 184 186 183 183 184 181 182 182 181 181 181 180 182 181 180 181 179 180 179 179 178 178 178 177 177 174 174 173 170 103 
176 178 178 181 182 183 185 184 182 182 179 180 182 182 183 184 185 186 188 189 188 189 189 190 189 185 186 186 186 184 178 56 54 56 58 163 183 184 186 186 186 186 188 188 186 185 182 182 184 182 182 182 182 181 182 182 180 179 180 181 180 181 180 178 178 178 177 177 176 174 174 174 172 117 103 
178 180 181 183 185 184 184 183 181 184 182 182 183 184 184 186 185 187 184 188 190 190 192 190 189 189 188 186 184 182 66 56 54 56 72 183 185 184 187 187 186 186 189 188 189 186 185 184 183 183 180 182 181 182 182 181 182 181 182 181 180 181 179 179 178 178 177 177 177 174 174 174 117 109 102 
174 177 180 183 183 184 182 182 181 181 181 180 182 182 184 183 185 185 186 188 189 186 191 187 188 187 186 186 184 174 58 55 54 56 178 184 183 184 186 186 187 186 186 186 186 186 186 186 185 184 182 182 181 181 182 178 181 181 176 179 180 178 179 181 176 178 177 177 174 174 173 102 101 98 99 
174 179 180 183 182 184 184 181 182 181 181 180 182 183 184 184 184 186 188 189 191 190 189 190 189 186 186 184 182 70 54 54 57 94 181 184 183 185 186 186 186 187 188 186 186 186 186 184 185 184 184 184 183 180 177 177 179 178 180 180 178 178 178 178 178 176 178 176 174 172 116 101 105 104 109 
177 181 181 182 184 182 182 180 182 179 180 180 180 182 179 184 181 186 188 187 189 190 190 189 189 186 186 184 177 58 56 54 59 180 181 185 183 185 185 185 186 184 186 186 186 184 186 184 184 184 184 183 184 183 182 179 179 180 180 177 178 174 178 178 177 178 178 175 167 110 109 105 100 108 102 
172 180 183 185 183 184 182 182 180 182 181 182 183 182 185 185 186 187 189 188 190 190 190 188 190 186 185 182 131 58 56 58 142 181 183 182 185 185 186 186 186 187 186 186 185 186 185 185 184 181 183 184 182 183 183 184 182 182 180 180 178 180 178 178 178 177 178 154 109 112 112 101 101 109 108 
155 178 181 184 182 182 180 178 180 181 180 181 181 182 183 185 185 185 189 189 189 189 190 186 188 184 184 179 66 58 56 58 178 178 182 182 185 184 186 186 185 185 184 182 182 182 182 182 182 184 181 183 182 182 182 182 181 181 182 181 180 177 174 177 176 177 127 109 110 108 100 101 101 104 109 
119 177 181 182 182 181 180 178 176 178 179 181 183 182 184 186 186 183 185 189 190 189 187 186 185 184 181 175 61 57 57 129 180 181 182 182 184 184 184 184 186 186 183 182 184 181 181 179 178 181 182 184 182 182 180 176 181 182 182 180 181 181 177 174 174 119 112 110 111 108 108 101 104 109 101 
102 173 181 180 178 178 179 178 179 180 181 180 182 182 184 184 185 186 188 186 189 188 187 185 182 181 179 165 58 56 60 175 178 181 181 182 183 183 183 184 181 183 184 183 181 181 182 181 180 178 177 179 181 182 179 181 181 181 181 182 180 178 177 174 153 140 118 110 114 109 110 101 101 107 104 
101 134 179 181 177 178 176 178 178 178 178 180 180 181 183 182 185 185 186 186 188 186 186 184 182 181 177 100 58 58 74 174 177 180 180 181 181 182 184 184 183 182 180 182 181 180 181 180 180 176 178 178 176 176 178 182 180 180 180 178 178 177 170 168 170 166 157 111 111 109 109 101 109 104 104 
100 109 173 175 175 175 175 176 179 178 177 180 178 182 182 183 183 184 185 186 186 185 183 183 182 181 173 66 58 57 98 176 178 180 181 182 182 182 183 180 182 183 181 179 180 179 178 179 177 177 177 174 177 177 175 174 175 177 178 178 162 141 160 165 167 132 112 109 109 110 101 110 110 104 102 
103 100 136 176 177 176 173 178 178 179 178 181 182 181 183 185 186 186 183 186 185 185 185 181 181 179 174 66 60 61 165 178 178 180 181 182 182 182 182 182 182 181 182 179 181 179 178 178 178 178 177 175 176 175 175 176 174 174 163 111 114 112 115 126 111 112 112 111 113 110 101 110 100 101 95 
103 104 109 171 174 174 175 177 178 176 178 179 178 181 183 182 184 185 182 184 186 182 181 181 182 178 170 63 60 63 173 177 178 180 180 182 178 181 182 182 181 182 180 179 180 179 180 178 177 174 178 176 176 176 175 174 173 133 116 109 113 110 109 110 114 110 113 111 109 111 105 110 110 102 102 
105 101 108 115 170 174 174 173 177 178 178 178 181 180 182 182 183 183 182 183 183 182 182 181 179 175 168 66 62 65 174 178 179 178 178 180 181 181 181 180 181 181 179 180 180 179 177 177 176 178 175 174 175 173 172 172 168 113 109 105 110 109 101 108 109 101 109 110 109 108 110 104 104 100 102 
102 98 103 108 149 170 174 176 176 176 174 178 180 180 182 181 182 181 183 182 183 182 181 182 178 177 171 64 61 68 173 177 178 178 180 180 179 178 178 180 181 178 179 178 180 178 177 178 177 175 173 173 173 173 172 150 108 109 101 101 108 101 105 106 109 101 109 101 109 106 101 108 103 102 101 
96 102 101 102 110 164 170 174 174 177 177 178 178 180 181 181 181 181 182 182 182 180 180 178 178 175 172 71 61 68 170 174 178 177 180 178 178 180 180 178 180 178 178 179 178 178 178 176 175 174 172 173 170 170 164 109 102 103 100 101 105 108 103 108 108 102 108 109 101 108 110 101 104 102 94 
104 102 101 104 101 110 168 172 173 174 175 177 178 177 177 181 181 182 182 181 182 180 180 179 177 174 172 89 62 64 172 174 174 177 178 178 178 178 177 178 178 178 178 178 177 177 178 173 176 176 175 172 170 169 114 105 97 102 98 92 99 104 110 101 103 101 101 109 99 101 102 107 100 102 98 
108 104 109 104 104 109 114 170 174 174 176 175 177 178 180 182 180 182 182 182 182 181 179 178 177 178 174 131 68 68 166 174 178 177 177 178 178 179 180 178 176 178 178 178 178 177 176 175 174 173 174 174 171 162 110 108 103 101 99 100 100 102 101 109 100 104 110 110 100 111 108 109 104 101 100 
101 110 101 102 101 104 109 119 170 173 174 177 177 178 179 178 181 180 180 181 181 175 180 178 178 178 173 168 69 63 124 173 175 176 176 177 178 177 179 178 177 177 178 180 176 178 173 176 174 174 174 172 168 137 110 103 103 100 102 101 101 103 108 108 110 103 108 108 109 109 110 105 96 102 101 
162 114 108 103 102 99 98 104 108 169 172 174 175 177 173 178 180 178 178 179 177 178 178 176 178 176 173 170 114 62 68 169 172 176 174 177 177 176 176 174 175 174 176 175 176 173 173 173 170 172 171 169 170 145 103 101 98 100 101 164 102 109 109 109 110 102 102 108 99 108 104 96 102 101 96 
163 163 152 110 102 102 99 104 102 110 169 172 174 174 172 175 178 178 178 178 177 176 178 178 175 174 174 172 165 71 66 114 171 173 175 178 176 176 177 175 174 174 176 172 176 174 172 173 172 170 171 169 169 161 38 103 101 101 101 109 112 109 110 101 104 104 101 100 103 104 102 102 98 102 102 
163 164 164 164 127 102 101 104 104 110 111 163 170 174 175 176 178 177 178 179 177 178 177 176 176 174 176 174 171 150 70 70 147 170 174 174 178 176 177 177 175 176 175 176 175 174 172 170 173 171 170 171 170 167 137 109 101 104 100 109 128 150 128 110 101 108 103 102 99 102 103 108 100 100 98 
161 162 154 162 161 164 111 102 104 104 104 102 130 170 173 173 176 174 176 178 175 177 174 174 174 144 174 0 192 12 0 0 0 0 32 193 215 0 0 0 9 0 0 0 33 135 255 0 170 170 170 169 169 164 165 156 121 100 101 154 162 154 112 101 107 105 102 103 99 99 101 98 94 98 94 
162 163 161 161 160 161 161 126 111 99 99 101 102 100 163 171 172 173 174 170 175 174 174 174 172 174 172 172 170 170 170 151 72 72 138 168 170 172 174 174 173 173 174 172 170 170 169 170 167 168 169 169 169 168 169 164 166 166 170 165 115 102 101 101 99 100 101 98 95 95 98 101 96 92 89 
150 154 156 154 159 162 154 161 154 110 99 101 100 103 99 118 165 169 170 170 171 171 170 172 171 170 170 172 169 167 167 169 165 114 72 93 164 169 170 170 170 170 170 172 169 168 169 169 166 168 165 168 168 166 162 160 171 170 166 165 165 161 156 136 116 100 94 90 93 90 96 96 96 90 92 
126 135 151 153 154 153 152 153 163 160 118 99 100 102 101 101 104 125 162 165 169 168 168 170 169 168 168 169 168 169 167 165 166 165 161 98 71 104 164 168 169 169 170 168 168 169 169 166 166 165 166 166 166 170 170 169 162 157 162 161 165 161 154 151 156 149 98 93 93 92 93 92 88 87 88 
152 144 102 158 161 162 162 162 159 159 157 142 124 114 102 98 100 101 100 117 161 163 166 165 166 169 166 166 169 166 167 166 166 166 165 165 161 127 72 75 138 165 167 166 168 169 165 166 165 166 166 166 170 165 161 151 152 153 154 162 153 154 154 153 153 153 144 95 89 86 87 85 86 86 80 
144 144 145 89 146 154 157 154 160 162 162 164 153 128 126 99 101 101 102 98 108 112 146 162 162 163 163 165 164 164 166 164 164 166 165 164 166 165 163 161 141 84 70 101 149 162 162 163 163 165 168 164 156 154 153 154 152 153 153 162 160 163 152 151 153 150 148 99 86 92 82 78 78 78 76 
138 141 140 143 137 103 150 151 152 154 155 154 154 154 113 100 99 97 98 95 101 102 104 109 113 146 154 157 154 161 161 160 162 161 162 162 161 162 163 162 162 161 154 163 148 117 77 68 88 122 133 146 150 149 148 148 146 148 152 157 153 145 148 145 145 145 135 90 78 82 74 73 70 69 64 
109 98 136 142 146 147 146 101 154 157 157 157 160 154 160 152 115 99 95 93 98 98 100 101 102 102 101 101 133 152 154 154 157 153 162 162 162 159 161 161 160 161 161 163 165 162 153 151 145 144 145 142 114 68 76 130 144 146 143 153 151 148 140 143 137 135 88 80 81 70 67 64 58 57 54 
