170 174 175 179 180 183 186 186 185 184 184 182 179 178 178 179 178 182 181 181 178 149 51 50 49 50 50 57 168 173 178 179 181 182 181 180 180 178 174 172 172 131 98 122 167 167 167 173 175 172 171 169 169 166 166 170 171 172 174 179 178 173 173 170 171 171 171 171 166 162 163 163 117 98 94 
172 174 178 180 182 184 185 184 184 185 183 181 176 173 175 176 178 179 181 184 181 177 120 50 51 50 49 53 56 173 176 181 184 182 182 181 179 176 175 175 172 172 173 173 170 175 174 174 175 174 173 174 170 171 170 171 172 174 172 173 172 174 175 173 172 166 167 167 163 165 163 163 147 98 73 
173 176 178 180 182 184 185 186 184 183 181 178 174 174 173 173 177 179 182 183 184 182 178 95 51 53 47 52 54 151 178 180 183 185 183 181 181 178 178 175 174 173 170 176 178 178 178 179 180 176 176 175 175 172 173 173 169 172 173 174 174 174 173 169 170 169 170 167 164 163 163 165 155 99 95 
175 178 179 183 183 184 185 183 185 184 181 177 174 172 172 172 174 181 184 186 184 181 182 179 89 53 54 50 54 55 66 180 184 184 184 183 182 180 177 175 173 172 176 177 177 179 179 178 179 177 178 178 174 174 171 174 173 173 175 175 171 170 171 170 171 169 169 170 166 165 164 162 162 102 98 
175 179 180 182 184 184 184 184 184 182 179 177 174 173 171 172 174 182 183 184 183 184 183 182 181 85 53 53 53 54 59 83 181 186 183 182 182 179 177 175 176 178 179 179 179 179 180 181 180 179 178 178 175 178 175 176 175 175 172 173 172 172 173 171 172 168 169 166 166 167 164 163 160 102 97 
175 178 182 182 183 185 183 183 183 182 180 178 175 176 174 174 180 182 184 185 184 184 184 184 183 181 86 55 55 55 51 52 99 182 184 184 181 178 180 178 177 178 177 179 179 180 180 180 180 180 176 176 178 175 175 170 170 172 173 172 172 172 172 169 170 168 170 166 165 165 163 163 164 104 96 
178 179 181 182 184 183 181 181 181 180 182 178 178 175 176 180 183 183 184 184 185 185 186 186 185 184 184 113 56 48 54 52 57 83 179 181 182 180 180 178 176 178 179 178 180 180 182 182 179 177 176 179 178 173 173 173 173 174 174 173 174 174 172 172 171 171 170 169 169 166 165 163 162 119 96 
178 178 181 182 180 183 181 180 181 181 181 181 179 181 182 183 183 184 184 184 185 184 185 186 186 186 186 185 180 62 57 49 55 57 78 180 180 180 179 179 179 178 177 179 181 182 178 178 178 178 178 174 175 173 174 175 174 174 175 172 172 172 172 171 171 170 169 169 166 165 165 164 163 129 99 
178 178 180 181 180 180 179 180 180 179 180 180 182 181 181 182 184 183 184 184 184 184 185 187 187 185 185 184 184 180 68 56 55 56 56 56 178 179 180 179 180 179 179 179 177 179 179 179 180 172 174 174 175 175 175 174 176 173 171 173 172 173 173 170 170 171 168 170 166 166 164 165 162 133 94 
178 178 179 181 179 180 179 180 179 179 180 181 179 182 183 183 183 183 183 183 183 184 185 187 189 188 186 185 184 184 181 82 58 58 58 58 62 175 178 180 179 181 177 178 178 178 179 174 175 175 178 175 178 174 176 176 175 174 174 174 174 172 173 171 169 169 169 169 167 165 163 164 161 131 99 
175 177 178 178 178 179 180 180 179 180 180 179 180 182 183 184 184 183 183 184 184 186 189 186 187 189 188 186 186 187 184 182 130 59 55 57 58 64 175 180 178 177 178 177 178 174 178 175 175 176 176 176 176 175 176 174 176 174 174 175 174 173 175 172 172 171 171 171 167 166 166 163 162 133 95 
176 176 178 178 179 178 180 178 179 179 179 180 179 178 184 183 183 183 182 185 187 188 188 187 184 187 186 186 185 184 184 184 182 180 63 55 57 56 61 172 176 178 178 172 176 176 175 176 176 175 175 178 178 174 178 178 174 176 174 173 174 174 174 172 171 170 170 170 169 169 165 164 162 131 98 
176 177 177 178 177 178 178 178 179 179 179 180 182 181 182 183 182 182 182 185 185 186 186 187 187 186 185 185 185 185 184 183 183 183 179 62 58 54 53 56 174 173 174 175 172 176 176 175 175 178 175 178 176 178 178 177 175 176 175 174 174 175 176 172 172 172 171 171 170 167 166 163 162 136 94 
173 174 175 176 175 177 177 179 177 176 177 178 180 180 182 182 182 184 184 184 185 185 186 185 188 188 186 186 185 184 185 184 184 183 183 172 63 53 53 54 58 167 172 175 176 176 176 176 174 176 175 176 178 177 177 177 178 176 175 174 175 175 174 173 173 172 171 169 170 169 169 165 160 142 95 
172 173 175 174 176 176 175 178 176 178 178 178 179 180 183 182 184 183 182 184 185 187 186 188 186 184 186 187 186 185 184 185 183 182 179 180 176 69 54 55 55 58 168 174 176 178 175 175 175 175 178 178 178 176 178 178 177 175 177 174 176 174 173 173 174 174 172 171 169 169 166 164 163 115 97 
154 170 174 174 176 175 177 178 175 177 179 180 179 180 182 183 183 182 182 186 184 186 186 186 187 185 188 187 185 184 185 181 182 181 181 178 174 172 74 56 54 55 61 170 174 175 174 193 215 0 0 0 0 0 144 0 0 196 0 0 176 174 174 175 175 173 173 170 168 166 166 162 160 95 93 
102 150 168 172 172 174 174 174 176 176 178 178 180 178 181 182 183 183 181 184 186 184 187 185 186 186 184 184 182 180 182 180 180 180 175 176 175 171 172 79 55 55 58 76 172 174 175 174 177 178 175 176 175 176 178 176 177 176 176 176 176 174 172 175 173 172 172 171 170 167 165 163 157 101 85 
96 100 112 165 170 171 173 174 175 178 178 177 176 180 180 180 180 182 185 184 184 185 182 184 185 184 183 182 177 178 179 179 173 175 176 172 171 173 173 168 70 53 56 57 132 170 171 172 174 174 176 175 174 176 176 175 171 174 171 173 170 172 170 173 168 171 170 169 166 165 163 162 146 87 94 
96 95 94 92 157 168 169 173 174 175 174 176 177 179 180 179 182 183 182 185 185 182 184 185 184 184 177 178 179 177 172 175 173 174 172 172 173 171 171 171 169 68 58 56 60 166 169 172 172 175 173 174 175 174 176 174 173 173 173 174 173 172 171 171 172 171 168 169 166 165 164 160 100 98 94 
93 95 95 93 103 125 166 171 172 174 174 178 174 177 178 180 182 179 182 181 182 182 183 184 179 179 179 174 175 174 174 174 172 173 173 172 173 171 170 168 170 165 62 56 58 63 166 171 171 171 173 173 171 174 175 173 173 172 174 173 173 174 172 172 170 170 170 168 167 164 164 156 101 95 95 
94 94 95 96 91 101 102 163 170 172 173 175 176 178 181 180 181 182 179 182 183 182 181 180 180 176 175 176 175 174 174 172 175 173 174 172 171 174 174 172 172 170 164 60 58 58 114 169 173 174 174 174 174 175 172 173 175 175 175 172 175 173 171 170 172 170 170 169 166 165 161 150 100 95 94 
94 94 95 95 95 101 103 101 109 169 171 173 175 179 180 180 180 181 183 183 182 181 179 178 175 178 174 174 174 173 175 173 174 172 172 173 173 169 172 170 170 170 170 128 59 58 63 165 170 169 173 169 173 171 173 174 174 175 173 174 172 171 170 170 169 168 169 166 164 164 162 104 98 96 91 
93 92 93 93 90 92 100 102 102 100 114 166 173 171 157 164 178 179 179 179 177 176 174 174 173 174 173 173 171 174 171 174 172 173 172 171 172 172 172 172 171 168 170 166 66 58 60 130 170 171 173 172 172 174 174 173 172 170 170 171 171 171 169 170 169 166 165 166 165 160 157 98 96 92 87 
90 94 93 90 94 95 95 99 102 103 104 104 126 160 167 171 166 163 176 176 173 173 174 173 174 173 174 171 172 173 172 172 173 171 172 172 169 170 166 171 170 171 168 168 152 62 60 64 169 169 171 171 173 170 171 171 172 169 170 171 169 170 169 169 167 164 165 166 161 154 113 99 98 93 84 
89 90 92 93 93 92 93 99 98 99 101 103 104 105 146 154 170 172 174 172 172 171 173 172 173 172 172 173 170 172 172 172 172 172 171 170 169 171 169 169 170 170 169 168 168 71 58 60 169 169 170 170 169 170 170 171 169 169 170 169 171 169 169 166 165 165 162 163 164 154 102 95 93 87 84 
88 90 90 92 89 93 92 95 95 99 100 101 101 102 104 102 168 168 168 171 172 172 172 172 173 172 173 172 172 171 171 171 172 170 169 171 171 169 169 170 171 171 169 168 166 148 60 60 128 169 169 166 169 170 169 170 169 168 169 168 167 166 166 167 166 162 163 154 157 116 100 97 93 83 79 
86 88 89 92 90 91 90 87 94 96 98 92 102 101 101 104 100 108 153 170 169 170 169 171 170 173 171 170 171 171 172 172 171 171 171 171 168 170 169 171 169 170 169 169 169 164 63 62 87 166 168 168 169 169 169 168 168 168 168 166 168 165 166 164 164 162 162 162 137 100 100 96 90 84 85 
88 92 89 90 91 90 92 90 94 93 95 97 99 99 102 100 100 100 101 108 162 169 168 169 170 171 170 170 171 167 170 170 171 170 170 170 169 169 171 169 170 169 169 170 166 165 63 61 73 165 167 167 167 166 164 166 166 166 167 165 163 162 165 163 161 163 157 150 94 99 94 93 89 83 79 
88 87 88 90 88 91 87 90 87 95 93 96 95 98 99 98 101 101 103 104 105 114 163 166 163 169 168 168 171 168 169 168 168 168 166 165 167 168 166 168 169 170 169 166 169 164 63 61 99 164 165 165 165 165 165 165 166 165 164 160 163 162 163 160 160 155 152 96 91 88 95 90 92 82 80 
84 87 86 90 91 93 89 88 90 94 92 94 94 95 98 100 95 98 100 102 102 104 111 161 166 164 166 169 169 166 168 167 166 166 165 165 168 167 166 169 166 167 168 167 165 152 61 58 143 163 163 163 163 163 160 162 163 162 163 164 164 160 157 156 152 152 98 92 93 88 92 90 87 80 80 
87 86 90 92 92 92 89 92 93 88 93 95 95 100 102 101 102 100 100 99 102 100 109 111 162 165 165 166 166 167 165 165 166 166 165 165 166 165 166 168 168 171 168 165 166 153 62 63 154 163 161 162 164 162 163 164 160 153 153 160 156 156 156 155 152 99 94 92 90 89 88 93 89 80 79 
85 87 89 88 88 88 88 92 94 92 94 95 96 101 96 101 101 100 104 101 100 102 102 103 116 161 160 163 165 164 163 162 166 165 163 162 162 166 165 164 165 168 169 164 163 84 59 85 153 159 162 164 162 162 161 160 157 157 157 152 154 152 152 148 99 92 89 86 83 85 83 87 88 79 79 
87 87 87 87 88 88 88 93 88 93 91 95 94 96 96 98 101 101 100 100 99 102 104 100 111 29 161 162 162 163 162 164 164 163 162 163 160 164 165 165 166 169 165 162 151 61 63 153 161 153 161 157 161 160 160 157 153 156 154 150 150 151 143 93 90 88 86 84 84 86 82 88 89 73 74 
84 86 84 85 87 85 87 87 87 90 93 89 93 95 95 96 96 96 98 101 100 98 99 101 110 154 159 161 162 128 163 154 160 163 160 160 162 153 162 162 163 163 159 156 62 58 147 156 160 156 162 155 152 157 154 153 154 150 151 148 146 122 88 87 86 84 82 82 80 79 80 80 86 73 79 
82 82 82 83 85 83 84 88 86 90 93 87 89 94 93 93 95 93 95 96 102 100 103 99 133 154 155 162 154 159 158 160 157 156 159 156 156 158 163 159 159 160 153 63 57 143 154 156 156 153 153 153 153 156 156 151 149 148 145 136 96 85 82 83 83 80 79 78 72 77 79 79 82 82 116 
79 82 83 83 82 87 85 88 87 89 88 89 84 90 90 94 94 109 142 150 149 133 119 153 151 152 153 156 154 158 152 155 159 155 154 153 154 154 153 156 157 153 62 57 152 153 156 154 151 153 149 150 153 151 150 149 152 143 126 85 82 80 76 74 74 72 72 70 70 70 71 72 87 102 95 
84 88 87 89 92 86 88 87 88 87 93 92 91 93 93 94 93 96 101 110 119 166 153 154 153 152 153 153 153 152 153 153 156 152 153 152 154 154 154 152 143 58 83 149 152 152 153 150 148 149 146 149 147 149 150 143 132 85 80 79 78 73 71 69 69 66 63 66 64 60 60 74 73 58 44 
84 89 92 90 92 85 90 86 86 94 93 91 93 89 93 95 96 102 112 153 149 152 152 158 154 156 152 152 152 150 150 152 153 152 150 150 151 148 148 69 61 145 146 148 148 149 149 149 148 145 144 143 136 140 131 82 80 73 73 74 69 67 66 62 64 62 56 54 54 60 75 72 90 38 42 
101 92 90 88 87 82 86 86 86 88 90 88 92 93 89 95 100 152 148 147 147 148 150 152 149 150 148 153 158 156 148 150 149 148 150 146 144 79 66 136 140 143 144 142 147 147 145 143 142 139 137 134 114 82 76 73 70 67 75 70 63 58 54 49 51 50 56 57 53 54 56 68 88 41 42 
119 121 102 87 83 82 79 82 82 89 89 89 89 90 93 93 143 137 142 142 146 144 148 146 146 145 146 143 146 148 144 151 148 146 102 72 125 134 136 138 140 136 144 140 143 143 137 138 137 126 84 81 73 69 66 64 57 54 51 46 45 43 41 47 65 47 51 51 52 54 55 59 83 39 41 
