181 182 184 184 183 184 185 185 186 188 189 189 188 188 189 188 190 192 192 194 193 192 194 190 191 184 184 177 183 183 183 182 184 187 186 183 183 182 184 182 182 172 118 132 179 183 184 184 183 183 182 183 184 181 182 181 182 180 180 181 181 181 182 181 180 179 178 178 177 175 174 172 171 169 130 
183 185 184 185 185 185 188 186 187 190 190 190 189 184 188 186 189 191 194 195 194 194 193 190 190 192 189 190 185 185 186 185 186 185 188 186 185 183 185 185 184 186 185 186 186 186 185 186 187 186 185 184 184 183 183 183 182 184 183 183 182 184 182 180 181 178 180 177 175 176 174 175 171 171 164 
184 183 182 186 186 185 187 188 187 189 191 188 186 185 184 186 188 190 194 194 194 195 194 192 194 191 189 189 189 187 185 184 185 186 186 188 188 186 182 186 186 185 187 186 186 186 186 189 188 185 186 185 184 186 184 184 183 184 185 184 182 183 181 182 181 180 180 179 177 178 174 175 172 172 170 
186 186 184 187 184 188 188 188 191 190 191 185 186 184 184 184 185 191 196 195 194 194 195 192 194 193 191 189 190 190 187 188 188 187 185 187 188 184 186 186 188 186 188 188 188 189 187 189 186 187 188 186 186 186 185 185 186 184 185 184 183 182 182 181 182 180 180 180 178 177 174 173 172 171 171 
185 185 186 186 188 188 188 189 190 191 190 188 187 185 184 184 186 192 194 195 194 196 195 194 192 194 194 193 189 191 190 188 185 189 186 187 188 190 186 184 188 189 187 189 188 188 188 189 186 186 186 188 188 186 186 185 185 184 185 184 184 183 183 181 181 181 180 179 176 178 176 176 173 172 171 
186 187 187 185 186 189 189 190 192 192 192 189 188 188 186 187 192 194 196 196 196 196 196 195 193 195 195 192 192 191 192 190 188 189 189 188 189 188 191 188 188 188 188 189 188 189 187 187 188 188 188 188 186 186 185 186 184 185 184 184 184 183 182 181 181 182 180 178 176 176 177 174 174 171 169 
186 186 188 187 186 189 190 192 192 191 194 190 191 187 190 192 195 195 196 196 196 196 196 196 194 194 194 195 192 192 192 190 190 189 191 189 188 189 190 190 185 188 190 188 188 189 188 186 188 186 187 187 186 189 186 185 186 186 186 187 184 184 184 183 182 181 181 179 179 179 176 176 174 176 176 
187 188 188 189 190 191 191 191 192 195 194 194 194 195 195 196 195 196 196 196 196 196 196 197 196 197 196 197 192 193 192 192 192 191 188 189 189 188 188 190 188 188 188 189 189 189 189 189 188 189 186 188 189 187 189 187 185 186 185 184 183 183 182 183 181 181 181 179 179 177 176 179 178 175 175 
184 186 189 188 190 190 192 192 192 192 194 193 196 195 196 196 195 197 196 197 196 198 194 196 197 195 195 192 195 192 194 194 191 194 190 189 191 187 189 188 189 188 188 189 189 191 189 187 189 189 186 187 186 186 188 186 186 186 185 185 182 183 183 182 182 181 179 180 178 178 180 180 178 178 174 
185 184 186 189 188 190 190 193 192 191 192 192 194 195 194 196 196 195 195 196 197 197 197 197 195 195 195 194 194 192 192 194 190 191 191 190 190 188 183 163 114 185 186 189 188 190 188 189 189 188 188 188 188 187 188 186 186 184 184 185 182 183 182 180 182 181 179 178 182 179 180 180 178 175 174 
185 185 187 189 190 191 191 194 192 192 194 195 194 196 194 194 196 197 197 196 196 197 197 197 196 196 196 196 195 192 192 192 191 190 191 189 183 92 60 58 58 127 186 186 188 188 188 189 186 188 186 186 189 185 186 185 186 182 184 184 183 183 183 182 182 179 183 183 180 181 178 177 176 175 174 
184 187 188 188 190 191 192 192 195 194 195 194 195 195 198 197 196 194 196 196 198 197 197 196 196 197 195 194 195 195 192 192 194 191 191 191 190 68 58 58 57 60 183 187 189 190 189 188 186 188 188 188 188 187 186 186 187 184 186 184 184 183 182 182 181 183 184 182 181 181 179 178 178 174 171 
185 187 187 189 190 191 191 194 193 192 192 195 194 194 196 196 196 195 192 196 197 196 197 196 197 197 194 194 194 194 192 193 190 192 192 191 193 188 69 57 57 56 60 183 185 188 188 189 188 188 188 186 188 186 186 187 186 185 184 183 183 182 182 185 184 183 183 182 182 179 179 178 172 172 169 
178 186 187 190 190 192 192 193 193 194 194 194 194 194 196 196 197 196 197 196 197 197 196 197 196 196 197 192 194 194 194 194 192 194 191 193 190 190 187 72 58 57 58 64 182 186 186 188 188 188 188 188 188 188 186 186 185 185 185 183 182 182 185 184 184 184 182 182 181 180 173 175 172 172 168 
120 175 184 186 190 190 190 191 190 194 194 192 193 195 195 196 196 196 196 197 197 196 195 197 195 193 195 194 193 194 192 192 192 192 193 191 190 190 189 187 84 57 57 61 64 178 185 186 187 188 187 187 184 185 186 186 184 183 183 182 187 185 185 185 184 182 182 180 175 174 173 170 171 169 168 
118 121 162 186 188 189 190 194 192 192 195 194 194 194 195 196 195 195 196 197 195 196 195 196 197 184 184 182 182 183 182 182 183 180 182 183 182 180 180 178 173 153 178 180 178 174 177 178 178 180 179 177 178 178 177 175 174 176 177 177 175 177 173 176 174 173 173 171 170 169 170 167 169 165 166 
168 177 177 181 178 182 181 182 183 182 182 184 184 184 186 186 185 184 183 183 185 182 183 183 181 184 182 181 182 181 180 176 184 183 184 182 180 180 170 85 58 56 58 122 173 175 177 177 178 178 177 176 176 177 176 176 175 175 174 174 175 174 174 174 173 172 172 170 170 166 169 166 166 165 161 
110 132 173 178 180 181 178 180 180 183 182 183 183 184 185 184 184 185 184 183 183 182 184 182 181 183 182 182 176 182 184 182 182 181 182 182 181 183 180 168 58 55 55 57 62 170 173 174 177 176 175 175 175 176 174 175 175 174 174 174 173 170 174 172 172 173 170 169 168 168 165 166 165 165 162 
102 112 118 174 179 180 182 182 181 183 182 183 182 184 185 184 184 184 184 185 183 183 184 182 182 180 179 182 182 183 182 183 181 183 182 181 182 181 181 177 174 120 58 56 56 60 82 170 175 175 174 176 175 174 174 174 173 173 173 174 174 173 172 171 170 172 168 169 168 169 166 165 166 162 162 
109 109 111 114 165 176 178 180 180 182 182 182 182 183 182 184 183 183 182 184 183 184 184 182 182 182 183 184 181 184 183 182 182 182 182 181 182 177 178 176 176 174 169 72 58 58 60 61 130 173 174 176 174 175 174 174 174 173 172 172 173 172 171 170 170 169 169 168 167 165 165 165 165 162 162 
109 104 109 108 114 124 175 179 180 181 180 181 181 183 182 184 182 184 182 181 182 182 183 181 182 182 182 182 182 182 182 183 181 182 182 178 179 178 178 178 175 174 173 172 165 70 61 62 161 173 175 175 173 174 174 173 174 172 173 172 171 171 170 172 169 170 166 167 169 165 166 163 163 162 164 
114 112 103 101 111 111 112 142 175 176 175 178 181 181 181 182 181 181 181 181 180 181 181 182 181 182 182 181 182 181 182 181 182 178 177 175 178 176 177 176 174 175 172 172 171 165 170 169 169 173 173 174 176 173 172 171 171 170 170 170 170 170 168 167 170 166 169 169 164 164 165 162 154 157 156 
115 116 115 101 109 110 109 114 118 165 174 176 178 178 181 179 177 180 180 181 180 183 181 182 181 180 182 181 183 181 181 179 178 178 178 178 176 178 172 174 175 173 173 174 171 170 170 172 173 173 172 174 171 173 173 171 169 168 166 168 169 169 165 169 166 166 164 164 162 163 162 157 154 156 154 
115 113 118 113 109 110 110 112 114 115 118 170 176 178 178 178 178 178 180 180 181 181 180 180 181 181 181 179 180 178 177 177 178 179 177 177 177 175 174 172 174 173 174 172 170 171 172 170 170 170 173 172 171 170 170 167 87 95 164 169 165 165 169 165 166 165 162 162 162 164 162 156 157 156 153 
110 120 120 118 110 111 110 115 115 125 125 121 117 173 177 177 178 178 180 180 181 179 178 180 180 179 179 177 178 178 179 179 179 178 178 176 174 178 174 174 174 173 173 170 171 172 170 170 170 172 169 165 169 171 164 80 56 54 54 54 57 126 164 169 169 165 162 162 160 162 157 154 155 154 150 
117 118 120 119 115 113 115 120 120 123 125 120 119 118 115 156 173 178 178 176 175 178 178 178 179 178 178 176 177 177 178 177 177 176 175 174 174 174 173 174 171 171 170 171 170 169 169 168 170 168 166 164 169 165 165 164 162 157 130 64 53 56 150 163 169 165 164 169 169 148 125 120 104 86 89 
121 119 119 121 118 116 119 119 121 121 121 118 119 113 114 117 154 162 172 173 174 174 178 174 175 176 174 174 176 176 178 174 175 174 174 173 174 174 173 170 173 172 170 167 166 170 167 168 169 169 165 166 166 165 165 162 162 162 162 161 162 163 161 160 158 160 154 154 124 66 73 94 115 132 144 
126 128 125 119 118 118 118 119 121 120 121 114 112 110 102 114 150 154 152 132 172 176 173 171 174 173 174 174 174 171 174 174 174 174 174 175 172 173 173 170 170 170 169 167 168 169 165 166 169 169 163 165 162 164 162 162 162 161 160 160 153 158 154 156 157 155 154 152 152 149 147 146 145 142 142 
162 105 138 134 124 121 120 120 119 120 118 109 109 108 108 113 109 111 114 111 117 117 131 170 170 172 171 173 173 174 175 173 174 172 173 170 173 172 172 170 169 168 168 167 167 164 166 165 166 167 164 165 162 162 162 161 161 161 154 159 156 157 156 156 153 154 152 151 150 150 146 146 145 137 138 
190 194 151 104 135 128 124 121 120 122 118 118 119 102 109 102 104 110 109 108 110 101 110 110 114 6 166 170 169 171 172 172 171 170 169 168 171 170 172 169 167 165 165 168 170 166 165 163 165 164 165 164 163 153 160 161 157 163 157 156 156 156 153 152 152 151 150 150 149 148 146 144 142 140 138 
185 191 194 194 153 103 130 126 126 125 124 128 125 125 117 108 109 101 109 102 100 105 109 108 110 113 114 118 134 169 167 166 170 169 169 171 170 170 165 169 165 165 165 166 162 165 165 165 165 162 160 162 161 161 160 157 154 154 155 154 153 153 150 149 150 147 148 148 147 143 142 142 138 140 136 
174 180 186 191 189 186 149 98 126 126 132 132 137 136 133 127 121 110 103 101 102 100 101 105 99 108 110 110 114 110 114 114 127 163 164 165 165 165 165 164 164 163 161 162 161 162 164 159 160 153 160 157 157 155 154 154 156 151 151 150 151 149 150 149 148 146 146 142 144 140 144 137 134 134 132 
180 178 180 178 182 186 186 185 169 112 133 135 136 143 136 138 131 125 117 109 101 98 98 99 100 100 103 104 105 108 121 113 113 101 102 108 118 150 164 157 154 158 154 156 156 156 154 157 154 154 156 153 154 153 153 149 150 148 148 148 148 148 146 146 142 142 136 139 137 137 132 111 86 80 80 
176 179 182 183 181 178 178 181 182 188 179 127 128 138 136 138 135 125 117 109 95 96 93 94 97 100 102 113 145 153 163 132 112 101 101 103 104 102 106 101 94 98 110 135 151 150 152 152 151 150 150 149 150 149 150 147 146 145 145 143 145 143 143 137 136 132 99 85 82 82 81 80 79 76 76 
96 162 176 177 177 174 171 172 170 173 179 185 186 137 103 128 120 122 113 101 91 93 88 91 90 94 109 149 150 151 102 144 99 0 192 21 0 0 39 0 5 192 246 193 215 0 0 0 2 0 0 0 2 135 255 0 89 90 89 88 88 87 86 85 85 84 85 82 82 73 79 76 74 73 72 
118 101 93 135 167 171 170 170 168 166 161 162 170 169 173 162 114 115 105 99 90 90 86 86 86 88 89 91 90 91 87 89 90 93 93 94 98 94 95 91 86 84 85 87 85 88 87 85 82 84 85 82 81 86 82 83 82 84 84 82 81 81 82 82 82 78 73 76 72 74 72 72 71 72 69 
119 118 120 116 101 101 162 169 168 169 167 164 154 146 142 149 150 150 127 93 94 86 78 85 82 82 82 83 84 88 88 88 90 90 88 90 90 92 91 89 84 82 86 82 81 82 83 82 82 82 80 82 79 81 82 78 73 78 75 73 80 81 78 74 73 74 73 75 72 74 72 69 69 67 59 
114 113 114 117 114 118 101 96 140 158 160 153 150 146 138 133 130 135 133 128 120 100 86 78 79 78 78 78 73 72 72 78 82 83 86 78 82 80 80 79 76 72 78 73 73 73 77 73 78 82 73 73 80 77 75 74 74 73 71 73 74 73 71 73 74 72 71 69 70 68 66 55 45 42 43 
111 101 106 100 101 109 112 115 111 101 101 146 146 145 145 142 140 136 134 118 101 81 76 75 72 72 72 72 73 72 72 74 73 74 73 76 78 73 74 80 69 72 72 71 72 73 71 73 73 72 72 73 72 72 71 70 70 68 70 70 69 71 70 69 68 64 67 61 46 42 43 41 41 42 42 
113 101 99 96 100 102 101 101 101 100 101 96 96 109 133 110 76 90 96 80 60 57 64 71 69 64 69 68 70 69 69 70 70 70 71 74 72 74 72 72 68 67 68 69 70 68 68 69 69 70 69 78 68 69 70 66 66 64 74 66 65 66 63 61 49 41 42 42 42 42 41 44 43 41 42 
