189 190 190 192 192 192 194 195 195 195 198 198 195 195 196 198 198 200 200 201 200 201 200 200 199 198 192 196 192 191 190 190 191 192 193 193 190 189 189 190 191 190 187 189 189 189 191 190 189 188 189 188 190 189 189 188 190 188 187 188 190 188 188 186 188 188 186 186 186 183 183 182 181 180 173 
190 190 192 192 192 192 194 192 191 196 200 197 194 191 193 194 196 199 198 201 200 200 199 201 200 199 197 197 195 194 194 193 194 192 195 195 194 190 189 192 192 192 192 190 192 190 190 191 191 190 189 190 190 190 189 189 189 190 189 189 188 189 188 186 188 186 185 184 185 184 184 182 182 180 176 
192 190 190 192 191 192 195 195 196 196 198 197 194 194 192 192 194 198 199 201 202 201 202 199 200 200 198 198 197 199 194 194 194 195 194 194 196 192 194 190 191 192 193 194 193 192 194 194 194 192 189 190 190 191 190 191 190 191 190 190 189 189 187 188 189 186 186 186 184 185 183 184 183 179 177 
190 191 192 191 191 194 196 194 196 197 197 195 192 190 190 191 194 197 202 202 202 201 202 199 198 201 199 196 197 198 195 195 195 193 196 195 194 194 192 191 191 194 194 194 192 195 194 195 192 192 192 191 191 192 190 190 192 190 190 190 190 189 189 187 186 186 186 188 184 183 182 181 182 180 180 
192 192 192 192 194 194 196 197 197 198 196 195 191 190 191 190 191 200 200 200 200 200 202 201 200 201 201 200 199 198 199 196 194 196 194 194 195 196 196 192 194 194 194 194 194 194 194 193 191 192 192 192 192 190 193 191 190 191 190 191 189 188 188 187 186 186 186 184 184 185 182 181 181 180 178 
192 190 192 191 192 195 193 196 197 198 198 195 192 192 191 192 198 200 200 202 200 201 200 201 200 200 199 200 198 197 196 198 197 196 195 195 194 194 196 194 192 194 194 192 194 194 194 193 195 194 192 192 191 194 192 192 190 190 190 189 189 189 189 188 187 186 186 183 184 182 182 179 180 179 176 
190 192 193 194 194 196 196 196 197 198 198 198 196 194 196 197 201 201 201 201 202 201 200 201 202 202 200 200 198 198 198 196 198 196 195 194 195 194 192 195 190 192 194 194 194 194 194 191 191 192 192 192 191 192 190 190 192 191 190 189 189 189 189 188 186 186 185 184 182 182 182 181 180 184 181 
191 192 191 192 194 196 196 196 197 200 198 198 198 198 199 201 200 202 199 200 200 202 199 203 201 200 192 201 198 198 198 198 197 198 195 194 195 194 192 194 196 194 192 192 194 194 192 194 192 192 192 192 192 192 192 190 189 190 190 189 188 188 185 186 186 184 184 182 182 180 180 184 184 181 181 
190 193 195 194 196 197 197 198 197 197 199 199 201 200 202 201 200 201 201 201 202 202 202 202 202 200 201 198 200 198 198 198 197 197 198 195 197 192 192 191 192 191 190 192 194 194 192 194 193 194 192 191 192 192 191 190 191 190 190 189 189 188 188 187 186 186 184 184 182 184 185 186 182 183 180 
191 191 191 192 194 196 196 198 198 197 196 198 199 198 200 200 200 199 201 201 200 201 201 202 201 201 200 198 198 196 197 197 196 196 197 194 196 192 183 121 62 184 191 192 191 192 192 192 191 191 192 192 191 190 191 191 190 190 189 189 188 188 188 186 185 185 185 182 186 184 184 182 183 180 180 
188 192 192 194 195 196 196 197 198 198 198 198 199 200 200 199 200 200 200 200 199 201 202 201 201 201 201 199 198 198 198 196 197 196 195 195 188 69 61 57 58 62 189 191 190 194 191 192 191 191 193 191 191 190 188 190 189 189 188 189 186 186 186 185 184 182 186 187 184 184 182 181 181 180 178 
189 192 192 194 194 194 197 197 198 197 198 198 198 198 201 200 198 198 198 199 201 201 200 200 194 200 200 200 198 199 197 196 197 196 196 197 196 186 63 56 57 55 70 189 192 192 192 191 190 190 191 191 191 190 189 189 189 190 187 186 188 186 186 183 186 185 186 184 184 184 182 182 181 178 173 
187 191 191 194 195 196 194 196 197 198 197 198 198 198 199 200 198 199 197 199 199 198 201 200 200 199 198 198 197 197 197 195 194 194 197 197 196 194 186 64 56 57 56 78 189 190 189 191 190 190 191 189 190 189 190 189 188 189 188 186 188 185 186 189 189 188 186 185 184 182 182 179 174 175 172 
126 187 191 191 194 196 196 196 198 197 197 197 198 199 198 199 199 198 200 199 199 201 200 200 199 199 199 198 197 198 197 197 195 196 196 194 194 194 194 188 62 57 58 58 78 186 189 190 189 189 189 190 189 190 189 190 188 189 188 187 184 189 189 188 188 186 185 185 182 182 176 178 176 174 172 
122 128 186 191 192 195 193 196 198 197 197 198 199 199 198 199 200 200 199 199 197 200 200 200 200 198 192 199 197 198 197 198 196 197 195 197 194 194 194 192 190 68 57 60 60 67 182 188 191 191 190 190 189 189 185 189 188 189 186 185 190 189 188 189 188 186 185 185 181 178 177 178 175 172 174 
118 125 129 182 190 194 194 195 196 197 196 198 197 198 198 199 199 199 200 200 198 198 198 201 199 198 198 197 198 198 193 198 196 197 196 195 194 194 194 194 192 188 86 61 61 64 68 184 190 188 189 190 188 189 188 189 188 187 190 190 190 189 189 189 187 187 182 180 178 178 176 175 174 173 171 
118 124 126 126 147 189 192 194 194 197 194 196 197 197 198 198 199 199 199 200 198 198 198 199 198 199 197 197 197 197 197 196 196 194 194 193 194 194 194 144 189 0 196 252 0 0 0 0 0 192 218 193 215 0 0 0 6 0 144 0 0 201 0 0 182 181 182 178 178 177 176 174 174 172 170 
119 121 123 130 126 131 189 192 191 196 197 197 197 197 199 197 198 199 199 199 198 198 198 197 199 197 196 198 196 195 197 196 197 194 196 193 191 194 192 194 192 188 190 189 185 186 187 185 189 189 189 188 186 186 186 189 186 189 187 186 187 185 184 182 181 181 180 180 178 178 174 175 173 172 170 
118 117 118 125 128 126 128 181 194 196 196 196 197 196 198 198 200 199 197 199 199 199 199 198 199 199 197 197 196 196 196 197 195 197 194 191 192 194 191 190 191 194 190 190 186 190 188 186 188 188 188 190 188 189 189 188 189 186 186 188 188 182 182 181 179 181 178 177 178 178 174 174 173 172 170 
115 116 118 117 119 124 123 126 135 189 191 194 194 196 195 196 197 197 198 200 198 197 197 198 196 197 196 197 194 195 194 196 192 195 193 191 191 189 192 190 190 190 189 190 189 187 188 189 186 188 186 185 186 186 188 186 188 187 186 182 181 182 180 181 178 178 178 178 175 175 175 174 170 169 169 
117 120 119 118 120 122 125 125 126 127 184 191 191 194 196 196 196 197 196 197 198 198 197 198 196 196 197 196 195 194 196 192 194 192 193 192 192 191 190 190 190 190 190 190 189 188 188 188 188 188 186 185 185 182 184 183 185 184 181 182 181 181 180 179 178 178 176 176 175 174 173 170 170 170 167 
114 115 114 114 116 119 122 121 127 126 129 130 188 194 196 197 197 197 198 197 200 198 199 197 197 196 196 195 197 196 194 197 194 194 193 194 191 192 193 194 191 190 189 189 191 189 189 189 189 190 190 186 177 96 66 64 144 181 182 181 181 181 182 180 180 179 178 177 178 174 174 173 170 170 166 
130 128 132 122 118 117 120 121 122 124 127 126 126 136 192 194 194 195 195 196 197 197 196 197 196 197 194 194 196 194 194 194 193 194 190 194 192 190 192 190 190 189 189 189 188 188 190 190 190 186 186 186 185 126 64 59 57 60 60 153 178 179 178 178 177 177 176 175 175 174 172 170 168 167 166 
132 133 130 132 130 122 117 119 120 122 123 127 126 128 132 138 192 194 194 195 196 195 197 196 196 194 196 196 194 194 195 192 191 192 192 192 191 190 191 189 190 191 188 190 192 191 189 190 188 188 187 184 182 180 178 172 73 61 58 58 100 181 181 178 178 177 174 175 173 172 170 168 167 166 166 
130 126 130 132 131 130 120 120 119 120 122 121 122 126 126 128 130 142 190 192 194 194 194 194 193 191 194 192 192 193 191 191 191 190 190 189 189 188 188 190 188 188 189 189 190 190 188 188 188 185 181 184 181 178 178 177 176 172 172 162 176 176 178 180 178 177 174 169 167 166 168 169 165 164 162 
128 132 130 132 132 132 128 119 117 116 119 120 126 124 125 125 125 126 130 136 189 191 190 194 191 191 192 191 190 190 191 189 191 189 190 188 188 190 188 189 188 190 189 189 188 188 188 186 183 183 180 182 178 177 177 174 174 174 174 174 174 174 175 174 174 172 95 56 54 54 58 62 165 166 165 
148 136 128 130 134 132 132 125 117 118 120 120 121 122 126 131 134 127 126 126 128 135 185 189 189 190 189 190 189 189 190 190 186 188 188 188 186 186 185 188 189 188 189 189 186 186 183 183 184 182 182 180 178 177 174 174 172 173 170 172 170 172 170 170 167 166 165 162 157 156 150 154 160 155 152 
165 159 149 134 133 130 133 130 132 124 126 134 134 134 133 136 137 137 126 124 127 130 130 133 155 186 186 186 185 189 186 188 186 184 185 185 184 187 186 186 185 186 185 186 185 182 183 182 181 181 180 178 176 174 173 173 173 172 170 170 169 169 169 169 166 165 164 162 162 157 164 157 154 152 150 
162 165 165 160 151 138 134 132 133 133 134 135 137 133 136 136 134 136 130 124 127 130 128 132 136 146 141 169 182 184 183 184 184 184 184 183 185 186 186 187 184 184 188 184 183 182 181 182 182 180 179 177 174 173 173 172 170 170 169 168 166 166 166 167 165 163 162 160 158 153 153 152 151 150 145 
146 152 157 154 154 150 143 138 132 134 136 134 136 136 137 138 138 126 135 137 126 134 136 138 142 136 136 138 137 130 164 181 181 182 182 182 182 182 185 185 184 182 182 184 183 181 179 180 178 178 178 176 174 172 172 169 169 168 168 167 165 165 164 163 161 164 157 157 154 153 153 149 149 148 147 
138 140 143 137 143 142 143 143 142 137 137 136 136 140 137 137 120 144 138 0 192 4 0 0 0 0 6 193 215 0 0 0 6 0 0 0 7 135 255 0 179 180 181 180 180 181 175 177 176 175 174 173 172 169 168 166 166 164 164 164 164 164 161 158 152 157 154 151 152 150 150 147 147 144 143 
134 132 130 126 125 126 131 137 141 142 142 136 122 130 138 132 142 137 136 136 135 134 135 133 136 133 126 125 122 122 122 118 126 154 159 124 126 126 165 173 175 178 176 178 177 174 174 174 174 174 172 170 167 165 164 163 164 164 163 161 155 157 157 156 154 151 149 150 149 146 146 143 142 138 135 
133 131 130 130 126 125 125 130 138 142 143 121 190 166 102 136 152 153 150 145 140 137 134 136 135 134 133 130 128 118 120 118 116 118 116 116 116 117 117 116 118 121 126 162 170 172 171 171 169 170 170 165 165 162 154 161 161 162 153 154 152 153 152 152 150 149 146 146 142 142 136 114 86 85 85 
128 133 133 131 130 128 132 131 138 142 184 195 197 201 202 206 189 126 138 160 156 150 144 140 140 135 133 135 136 138 135 126 123 120 117 110 110 110 111 109 112 114 115 116 115 113 114 110 113 118 136 146 152 152 156 150 151 150 152 150 149 146 134 128 118 93 90 88 84 81 82 83 80 80 78 
94 93 94 117 132 135 133 138 136 196 199 198 196 198 203 209 211 211 211 195 149 122 146 142 137 137 137 142 141 146 149 144 136 130 121 109 105 104 104 100 104 102 108 98 152 163 163 100 104 104 103 102 99 92 90 88 90 87 88 86 88 86 86 83 82 81 82 79 79 72 78 77 76 73 74 
99 94 95 96 96 98 128 142 197 200 198 198 198 199 198 198 198 202 206 207 201 201 192 165 122 143 146 149 150 150 153 149 138 134 124 110 104 104 99 95 97 109 157 162 153 102 100 100 101 101 100 100 93 85 85 86 84 84 86 84 85 83 74 82 82 81 78 71 73 74 74 74 72 72 71 
100 92 91 94 94 96 98 96 108 124 177 194 196 195 197 197 195 195 195 192 193 194 198 196 194 194 186 150 130 148 145 136 133 128 122 110 98 98 92 89 91 89 93 92 94 93 90 93 94 95 94 88 86 84 82 78 82 78 71 79 80 79 73 77 74 74 72 72 72 70 68 69 70 68 66 
117 115 93 89 88 90 100 125 124 117 104 102 103 138 191 196 197 195 194 193 189 186 183 181 181 182 184 185 186 186 176 134 115 122 114 96 92 88 85 84 85 84 82 85 86 86 85 86 84 86 82 82 82 78 74 74 76 74 74 74 72 74 73 74 72 72 70 69 68 67 64 64 56 44 43 
120 118 118 115 91 88 110 126 128 130 128 133 130 122 109 103 102 164 186 185 185 182 183 180 178 174 172 170 168 162 154 150 149 148 136 120 95 93 81 80 78 73 78 74 73 74 78 81 78 82 72 78 78 72 69 70 70 69 69 70 70 64 69 67 66 66 65 62 61 55 43 42 43 42 42 
122 124 123 122 125 118 104 116 126 126 130 133 134 137 136 140 140 133 125 111 109 154 174 175 174 173 169 165 160 156 149 146 144 142 136 122 111 84 79 72 73 74 73 74 74 73 72 76 72 72 74 73 72 66 66 66 68 64 62 65 63 62 61 61 61 58 52 42 42 43 42 42 44 44 43 
