174 178 179 178 180 180 180 181 181 182 182 182 182 179 176 178 182 184 184 186 187 186 186 188 188 188 187 188 187 187 187 186 185 184 185 188 187 185 187 188 186 186 169 190 194 190 191 192 190 191 192 192 192 194 194 195 194 195 194 194 194 196 196 195 194 194 195 194 192 195 194 194 194 194 192 
176 174 178 177 178 180 181 182 182 182 182 181 178 174 173 176 179 183 186 188 188 186 189 189 189 188 187 186 189 189 188 189 189 188 186 189 189 186 188 188 190 188 189 192 192 195 194 192 191 194 193 194 195 192 194 197 194 195 196 196 194 194 196 196 192 194 194 194 194 193 192 194 192 192 192 
174 175 177 178 178 178 180 181 182 181 182 180 175 171 170 173 176 181 186 187 190 189 188 189 189 189 189 189 190 189 189 189 190 190 190 190 190 190 191 188 189 191 190 190 192 195 194 192 191 196 194 194 195 194 194 195 194 195 196 196 194 197 196 196 194 195 195 196 194 194 194 194 194 192 192 
173 178 178 177 180 180 181 182 181 181 181 178 174 174 172 174 176 181 186 186 190 188 189 189 189 190 190 189 190 189 190 190 191 189 191 190 192 191 190 189 188 190 190 192 194 197 197 195 194 194 195 195 194 196 192 197 195 195 194 197 196 196 195 197 197 195 195 195 194 194 193 194 192 191 191 
176 177 177 178 178 180 181 182 183 182 182 179 177 175 171 174 176 185 189 189 190 191 189 189 190 190 192 190 190 190 190 190 190 194 190 192 192 194 190 190 189 189 194 194 193 194 198 196 194 194 196 196 196 194 194 197 197 197 197 196 197 198 197 195 197 196 196 194 194 195 195 194 194 192 190 
171 174 174 176 177 177 179 183 182 181 182 178 176 174 176 176 181 186 188 189 189 189 189 189 190 191 190 189 190 191 189 190 189 191 194 192 191 192 191 191 190 188 190 192 194 194 196 197 197 194 196 197 196 196 197 196 196 196 198 197 196 196 197 196 196 196 196 192 195 194 194 193 192 191 190 
174 177 171 178 180 178 181 182 182 183 182 182 178 180 178 181 186 187 186 189 190 190 191 192 191 191 194 190 192 191 190 190 192 192 194 193 193 192 192 192 191 190 190 191 192 194 194 196 197 196 197 197 197 198 196 197 197 197 198 198 197 196 198 197 196 196 197 196 197 196 195 194 194 194 192 
143 169 174 178 179 178 182 181 182 182 183 182 182 181 185 185 188 187 186 189 190 190 189 192 190 192 191 192 191 191 191 192 190 192 192 192 194 196 193 194 192 191 189 189 190 190 190 183 189 192 194 196 197 197 197 198 198 198 194 197 196 198 198 197 197 197 197 196 195 194 194 194 193 192 192 
98 99 170 174 178 177 178 180 181 181 182 182 183 183 183 185 188 186 186 188 189 189 190 190 190 190 190 191 191 190 190 192 192 192 192 192 192 194 195 192 192 194 194 189 180 169 62 58 67 192 193 195 195 195 195 198 198 198 198 197 198 195 196 198 197 197 197 195 195 196 196 192 194 192 190 
99 98 102 168 175 178 178 178 181 181 181 183 182 183 184 185 186 187 188 188 189 188 190 193 215 0 0 0 4 0 144 0 0 196 97 7 192 194 193 192 193 192 190 190 174 61 56 55 57 93 190 194 195 195 195 196 197 198 197 197 197 197 197 196 197 196 196 196 195 195 194 196 195 192 191 
96 96 101 102 171 176 178 179 178 182 180 181 184 183 184 186 186 186 189 188 187 188 189 190 190 189 190 190 190 190 190 190 190 192 194 193 193 193 194 194 194 194 194 192 191 156 58 56 58 57 142 192 196 196 196 198 197 196 197 198 198 197 197 197 197 197 197 196 197 195 194 194 192 192 192 
94 96 95 100 102 169 176 175 176 181 180 178 182 180 184 185 185 185 185 186 186 189 189 189 188 190 190 189 190 191 191 190 190 191 192 191 192 192 192 192 194 191 192 192 192 190 142 58 56 56 58 162 191 194 194 197 197 197 197 199 196 197 195 197 197 196 196 195 196 195 195 194 194 192 192 
92 93 99 99 102 101 166 176 178 179 178 179 180 182 182 184 185 184 186 184 188 186 189 188 190 189 189 189 189 190 190 190 192 191 191 191 192 191 190 192 192 191 191 192 192 191 190 147 58 55 55 61 166 191 194 192 198 197 197 198 197 197 197 197 190 196 196 198 194 194 194 193 194 192 191 
99 98 99 99 101 104 101 155 174 178 177 178 179 182 181 184 182 185 185 186 188 186 189 188 189 189 190 190 190 190 189 191 190 190 191 192 191 190 192 192 192 194 192 194 191 192 191 190 174 62 57 58 61 174 130 190 195 197 198 198 197 196 195 196 196 196 197 195 196 194 195 194 192 190 192 
96 94 95 94 101 100 101 102 134 173 175 176 176 179 178 181 182 183 183 184 184 185 188 186 190 188 189 187 188 188 189 189 187 190 190 190 190 191 191 190 192 190 190 192 191 189 191 190 189 182 62 60 63 66 172 195 194 195 192 195 197 197 198 196 195 197 196 195 194 194 193 194 192 194 190 
89 91 93 96 100 101 98 101 102 109 170 174 178 179 178 181 181 182 184 184 184 185 186 184 189 189 186 188 188 188 189 189 190 189 189 190 190 191 190 192 190 191 191 189 191 190 189 189 190 186 183 70 84 177 194 197 196 196 194 195 195 197 196 196 197 196 197 197 195 195 195 194 194 192 192 
90 92 93 94 94 98 98 102 102 101 103 163 176 177 181 181 182 182 182 184 185 186 188 186 188 188 189 187 186 188 188 186 189 188 189 190 190 190 189 190 190 190 190 190 190 189 190 190 190 190 189 190 189 191 192 194 194 197 196 196 195 194 197 195 196 197 197 196 195 196 195 194 192 192 191 
90 90 92 89 93 94 93 92 99 98 104 101 136 173 178 181 180 178 182 184 184 184 186 184 185 185 185 185 186 187 186 188 187 185 187 186 186 187 186 186 189 187 186 188 188 189 187 186 188 189 188 188 184 188 188 190 190 194 195 194 192 192 194 191 192 194 191 192 192 192 191 193 190 191 191 
93 92 90 92 92 95 94 94 96 102 100 102 102 104 169 174 179 178 178 180 181 181 182 181 183 182 181 182 183 182 183 184 185 185 186 184 185 188 186 186 188 188 188 186 188 186 188 188 187 188 189 186 189 186 187 188 189 189 191 194 194 190 191 192 192 192 190 194 192 191 190 190 190 191 189 
86 89 89 90 90 95 93 94 96 99 100 102 102 102 100 132 174 177 178 180 180 180 182 182 182 182 182 182 182 181 182 184 182 183 183 185 186 185 186 186 186 186 186 186 188 186 188 185 185 189 185 188 187 188 189 188 185 188 192 190 190 190 190 192 190 191 191 192 192 194 194 191 190 189 190 
88 88 88 90 90 93 93 94 96 98 98 101 100 104 104 108 114 165 174 178 178 180 181 180 179 181 181 182 183 182 183 184 184 184 184 185 185 186 186 186 185 186 186 185 186 186 185 186 186 186 186 186 186 188 186 189 186 186 186 172 72 62 117 185 189 192 191 192 192 190 190 191 191 190 189 
84 87 88 89 90 92 90 93 93 94 94 98 101 101 100 102 109 110 118 172 176 177 177 178 178 178 180 180 181 180 184 182 183 182 184 182 183 182 184 183 184 185 184 185 184 186 185 185 185 185 185 186 185 186 187 188 188 190 186 172 68 58 60 62 70 181 190 187 191 191 192 190 188 190 190 
85 88 96 85 87 92 93 92 93 94 98 97 96 99 100 109 100 110 110 113 120 170 174 176 178 177 178 179 180 179 181 181 182 183 182 182 183 184 184 184 185 184 184 184 185 184 185 185 185 186 186 186 186 189 188 189 187 188 186 186 186 183 95 64 62 64 136 190 194 192 192 190 190 190 189 
215 0 0 0 0 0 0 0 0 135 255 0 95 94 98 101 102 102 109 109 109 110 117 170 174 177 175 174 178 178 178 180 181 181 181 181 181 182 181 183 182 182 184 182 182 183 184 186 185 183 183 183 184 184 184 186 184 186 185 186 186 183 186 186 183 173 183 189 189 190 189 190 188 189 188 
80 82 85 84 88 87 88 90 90 96 89 92 94 94 94 98 101 101 101 102 106 109 112 112 126 170 173 174 174 178 176 176 179 179 178 179 180 179 181 183 182 181 181 182 183 181 182 182 184 184 182 183 182 183 182 184 184 185 185 184 185 184 184 183 185 185 182 187 186 186 188 170 78 76 74 
78 82 81 85 85 87 88 88 88 86 92 92 93 93 96 98 101 98 100 102 103 101 107 102 101 111 10 164 172 173 176 178 177 176 177 179 178 179 178 179 181 181 180 180 182 182 181 182 180 183 181 182 179 182 180 184 183 182 185 184 184 184 184 182 184 181 184 184 186 189 189 189 186 184 182 
78 80 82 85 82 85 88 88 88 89 88 89 92 94 94 96 98 99 101 102 103 108 109 109 111 111 110 114 117 158 171 174 175 174 176 176 176 178 180 179 180 179 180 180 181 182 181 181 182 184 181 181 181 182 181 179 182 182 184 184 183 181 182 180 182 182 184 184 189 188 191 188 188 188 186 
78 81 81 84 83 82 84 85 88 86 88 88 90 90 93 94 96 100 100 101 103 102 99 103 100 101 109 100 110 109 110 111 137 170 172 173 174 176 177 178 179 178 178 178 179 178 180 180 180 181 180 181 180 180 180 179 180 181 182 182 179 181 180 181 182 182 182 188 188 188 187 188 189 186 189 
72 80 78 80 81 82 84 85 87 85 86 85 86 86 90 93 94 95 96 100 100 103 101 103 101 102 98 101 103 103 100 100 109 110 113 143 169 172 173 175 175 176 177 177 178 178 178 179 179 178 176 178 177 178 178 181 180 181 180 179 179 180 180 179 180 178 185 184 185 186 185 189 189 188 188 
72 69 72 83 80 81 82 82 83 86 86 86 86 85 92 90 91 95 98 98 98 100 102 101 101 98 102 103 103 101 100 101 101 109 108 110 110 113 128 169 171 172 173 173 174 176 174 176 178 175 176 176 174 175 178 175 177 178 179 177 178 177 178 178 181 181 182 180 182 182 186 189 189 188 188 
68 72 70 74 72 78 72 82 78 83 81 83 85 88 88 90 92 90 94 96 98 95 98 95 95 100 99 99 95 97 96 101 99 102 103 104 101 106 109 109 109 110 146 169 173 173 172 174 174 174 174 174 176 174 175 175 174 176 175 177 174 175 175 178 178 178 174 177 178 179 184 186 186 188 188 
66 68 71 72 76 77 73 84 80 78 80 86 86 86 86 89 90 93 93 94 94 94 94 96 95 78 94 95 98 98 98 94 98 100 101 100 103 102 102 101 102 102 102 100 106 114 118 148 166 168 171 170 170 172 170 171 172 170 170 171 172 172 177 177 176 170 170 174 173 177 182 184 187 186 179 
62 66 69 70 70 74 77 79 78 71 80 83 80 84 86 86 88 90 89 92 93 93 94 94 94 95 95 93 96 94 96 96 101 101 102 102 102 101 100 102 101 103 101 99 102 102 108 101 110 110 110 110 114 125 142 150 163 168 166 166 170 175 173 169 165 161 161 153 146 128 125 137 142 142 142 
58 63 64 66 69 70 72 76 76 76 76 85 80 78 84 84 86 88 89 87 89 93 90 89 91 93 91 93 64 94 94 93 95 94 93 94 96 96 100 98 99 95 96 96 98 103 101 101 101 101 102 101 103 98 102 99 120 101 101 135 136 110 102 101 100 101 100 105 113 117 123 133 140 145 134 
42 52 60 63 66 68 68 72 73 74 75 73 75 73 80 94 87 85 85 86 86 90 86 87 89 90 90 90 90 90 93 120 92 93 93 94 94 97 96 96 94 95 98 96 98 100 94 98 99 100 102 99 100 101 96 96 100 99 98 101 102 100 98 98 100 98 98 96 111 110 113 133 140 140 137 
39 40 40 42 42 54 62 68 69 70 72 73 72 72 76 73 80 81 82 83 82 85 85 87 85 87 85 88 91 89 92 90 90 90 92 92 93 93 95 94 94 94 94 94 95 96 96 96 94 96 95 93 96 94 93 95 94 94 93 94 94 94 96 94 94 94 93 93 109 112 116 126 139 135 138 
38 38 38 40 42 41 42 42 44 46 58 64 71 70 74 73 79 78 72 81 78 82 83 82 85 86 84 89 89 88 87 88 89 90 90 89 92 91 92 93 93 93 93 94 94 93 93 93 91 94 93 93 90 93 94 93 92 95 90 93 93 92 92 94 93 93 94 92 126 109 113 118 137 141 142 
38 38 39 39 40 40 42 42 42 42 42 43 42 43 45 52 66 72 76 72 77 70 78 78 78 79 81 80 83 82 83 83 86 85 84 84 82 85 88 88 90 89 90 88 88 91 90 90 90 87 87 89 90 90 87 88 88 88 90 88 89 90 88 88 90 88 88 86 90 101 108 114 134 142 143 
38 38 38 39 39 41 42 41 41 42 42 42 42 43 42 45 45 46 46 48 47 50 62 69 74 78 73 78 78 72 80 82 81 83 81 83 82 82 85 83 86 87 86 84 86 88 88 84 88 86 93 92 88 86 86 86 82 85 86 85 85 84 85 85 79 84 85 82 84 99 109 110 110 102 134 
38 38 38 38 40 40 40 41 42 42 41 41 40 42 42 43 43 42 45 45 46 46 46 46 46 49 47 47 46 49 50 58 69 72 77 78 78 78 79 81 78 73 81 82 78 82 82 81 79 81 83 82 82 83 78 82 79 82 81 85 80 74 80 79 79 78 73 74 74 73 72 98 169 172 182 
