170 169 171 172 173 175 175 177 178 181 182 183 180 181 182 184 184 184 185 186 187 186 189 189 188 190 190 194 190 190 190 191 190 190 191 190 190 189 185 191 194 180 146 181 196 199 199 200 200 201 202 201 202 204 204 207 206 202 208 210 212 213 214 214 216 213 212 209 207 201 201 199 198 177 132 
168 170 173 172 177 176 177 177 178 180 182 183 180 178 178 179 182 184 185 185 186 189 186 189 190 192 192 191 192 189 190 192 194 191 190 191 190 195 196 196 196 197 198 198 198 199 198 200 199 200 200 204 203 202 201 200 200 206 207 208 210 212 214 215 215 214 213 211 207 201 204 201 200 200 144 
169 170 173 174 175 175 177 177 179 180 181 180 176 175 174 179 177 185 186 188 185 187 188 189 190 189 191 192 194 191 188 192 193 190 194 196 197 196 197 196 198 197 198 198 198 200 201 200 199 200 201 197 199 200 200 202 202 202 208 208 210 212 213 214 215 214 213 212 208 208 206 203 199 198 178 
168 170 169 173 174 178 180 179 180 181 179 180 178 175 176 176 175 181 186 189 189 188 191 190 189 191 190 194 195 193 193 191 196 197 196 197 196 197 197 198 198 198 197 200 199 200 201 201 201 198 199 198 200 200 201 201 202 203 206 209 210 212 214 214 214 215 213 211 210 207 208 202 200 198 197 
170 170 171 172 174 176 175 178 180 180 181 178 178 175 175 174 176 184 188 189 190 190 188 191 190 189 191 194 194 194 196 193 196 196 197 197 197 197 198 199 197 200 201 200 201 201 198 196 197 198 199 198 200 200 192 201 202 202 201 206 208 210 213 213 215 214 214 212 210 208 206 202 200 199 196 
170 168 173 172 174 174 177 179 182 183 181 179 178 177 178 178 182 187 189 190 189 190 190 190 192 194 193 191 194 193 193 197 197 198 198 199 197 200 199 199 198 200 200 201 197 197 197 198 198 200 199 198 201 201 201 200 203 203 206 207 210 210 212 215 215 216 215 212 210 209 208 203 202 201 199 
169 168 171 171 172 175 173 176 178 180 181 180 180 177 179 182 186 189 187 189 189 190 190 190 189 192 192 191 190 190 189 185 181 195 198 197 198 198 198 198 199 198 194 194 195 196 197 197 198 199 198 199 200 201 201 202 201 200 204 207 208 207 210 213 214 215 214 213 212 209 206 204 202 202 197 
165 169 171 168 174 173 176 177 178 179 180 181 182 182 184 185 187 187 187 186 189 190 189 192 191 187 194 194 191 182 102 58 58 96 195 197 196 198 198 199 194 193 196 195 194 195 197 197 198 198 199 199 199 201 201 201 200 202 201 204 206 207 209 212 213 214 214 213 211 209 207 207 202 202 198 
169 167 168 172 173 174 174 177 178 180 179 181 182 182 184 186 185 187 185 189 187 191 190 190 187 193 191 194 193 79 57 56 55 56 76 195 195 194 195 191 191 194 196 195 197 197 198 198 197 197 199 198 199 200 200 200 201 202 204 207 207 207 209 211 214 214 215 214 213 209 208 207 203 201 199 
166 167 169 172 172 174 177 177 178 178 181 182 182 182 186 187 185 188 189 187 189 189 190 194 195 195 194 195 195 191 98 61 58 58 59 68 188 194 194 195 195 196 197 196 196 197 198 197 199 200 198 200 201 201 200 201 201 202 202 202 204 207 210 210 212 215 216 215 214 212 209 207 205 202 200 
166 166 168 171 172 175 175 175 177 178 178 178 181 183 182 184 186 186 188 190 187 187 194 194 195 194 194 195 194 195 191 175 59 56 58 57 62 187 190 194 194 196 195 196 196 197 197 196 198 198 198 199 199 199 200 199 199 201 201 202 204 207 207 210 213 214 215 214 213 211 210 206 204 201 201 
168 168 169 170 172 172 173 175 175 178 178 180 181 181 183 183 184 186 186 187 190 191 193 195 195 195 195 194 195 195 194 191 183 62 58 56 58 59 145 193 194 194 196 196 196 196 197 198 197 197 198 197 198 199 200 199 201 202 202 204 202 207 206 210 211 214 213 214 214 211 210 208 204 203 200 
165 165 167 169 170 170 174 174 175 175 174 180 181 180 184 185 186 185 184 188 191 189 194 194 193 195 196 194 193 194 190 190 189 188 88 59 59 57 57 81 191 194 194 195 196 195 196 197 198 198 199 198 198 199 200 199 202 201 201 201 202 203 204 209 209 211 214 215 215 211 210 206 204 202 200 
164 166 167 165 169 171 172 175 174 176 178 177 180 183 182 184 184 186 189 190 191 190 194 192 192 194 191 194 190 189 190 189 190 191 190 174 61 58 59 60 66 188 197 198 195 195 196 195 198 198 198 197 199 201 201 199 199 200 200 201 201 202 207 206 210 210 213 215 213 214 211 207 207 201 200 
160 163 167 167 169 171 170 172 176 177 175 177 179 181 182 183 186 188 188 190 190 190 190 194 195 196 189 188 190 191 190 191 191 190 189 190 187 68 60 63 118 197 199 199 196 195 196 198 197 198 199 199 199 199 199 201 200 201 201 201 202 203 201 204 209 212 214 215 215 214 212 209 206 204 200 
162 161 169 169 169 170 172 173 175 176 177 178 181 182 182 186 188 188 190 192 190 191 190 192 191 191 190 190 191 191 191 191 191 191 193 191 191 190 150 191 193 196 200 200 200 199 199 198 199 195 199 200 199 200 200 202 198 201 201 200 202 204 204 207 208 211 213 214 216 215 212 209 206 204 201 
95 144 162 167 166 167 169 173 173 176 177 178 178 180 185 187 188 189 188 188 192 193 192 189 191 189 190 191 192 191 190 191 190 190 191 193 191 191 190 194 195 192 194 197 197 199 201 198 197 200 196 198 197 200 199 198 200 200 201 201 201 202 204 206 207 210 212 215 215 215 214 210 203 204 200 
94 98 103 161 165 167 171 171 173 175 175 178 178 184 185 188 187 186 188 190 189 187 188 188 189 190 189 189 190 190 192 191 191 192 193 191 191 193 194 194 194 195 194 195 198 197 200 201 199 197 198 197 198 198 199 199 201 199 201 200 202 201 204 203 206 210 212 215 215 214 213 205 204 203 200 
95 95 95 101 153 162 168 171 173 173 177 177 181 184 186 184 184 188 187 188 186 186 188 188 189 189 188 190 190 191 189 190 193 191 191 192 194 192 193 193 193 194 194 195 194 197 197 197 197 199 198 196 197 198 197 200 198 199 200 200 201 201 204 204 207 208 210 213 215 216 208 207 202 201 200 
94 95 93 98 101 111 164 170 171 172 177 179 181 183 182 178 188 189 183 183 185 185 187 188 188 188 190 189 189 194 190 191 191 191 190 194 194 194 194 196 194 194 194 194 194 196 195 195 197 191 145 189 196 198 199 201 201 200 200 195 202 203 202 202 206 207 211 213 214 209 207 204 204 202 199 
94 96 94 94 97 98 103 125 169 175 175 178 180 180 180 184 186 180 181 182 184 184 185 186 187 188 189 191 191 190 191 191 191 192 191 193 193 194 194 194 194 194 195 195 195 193 196 194 129 80 74 72 76 172 196 193 199 197 200 200 200 202 202 202 201 205 210 211 209 209 207 204 201 201 199 
90 90 95 94 100 96 101 102 109 166 176 178 178 181 181 179 177 179 181 182 183 183 185 186 185 187 189 190 189 190 190 190 193 191 194 194 194 194 194 195 196 195 196 197 196 197 196 195 194 192 114 72 70 71 73 73 173 195 198 198 201 202 202 204 204 207 207 206 207 144 207 193 215 0 0 
6 0 0 0 18 135 255 0 147 153 158 160 178 179 174 175 177 176 178 180 182 183 183 184 185 188 188 188 191 192 191 191 191 193 191 191 193 194 194 196 194 196 196 194 195 195 196 195 195 194 193 191 178 83 72 72 74 129 198 202 206 201 201 201 203 206 202 209 200 207 202 201 201 200 199 
90 93 89 93 95 95 95 101 102 148 153 145 111 164 174 173 178 176 178 179 181 181 184 183 185 185 188 190 191 191 194 192 193 194 194 194 193 195 195 196 195 196 196 191 196 195 194 196 196 196 194 195 192 192 193 174 168 194 196 198 201 201 204 207 206 201 206 207 204 202 203 200 200 200 199 
88 88 90 92 90 95 95 100 100 101 104 103 107 107 101 143 173 173 175 178 178 180 182 183 185 185 185 189 189 191 191 191 193 191 191 194 194 196 194 195 194 196 195 196 196 196 196 196 197 194 196 194 194 194 195 196 194 195 194 196 197 196 197 197 200 146 79 83 91 109 165 196 198 198 199 
87 89 89 91 92 98 95 96 99 100 103 100 103 100 100 109 112 128 171 175 179 178 180 181 183 185 187 188 190 192 194 194 195 195 197 194 196 195 196 196 198 197 196 195 198 195 197 196 197 197 197 197 196 196 195 196 197 197 198 198 198 197 198 198 198 199 194 184 132 89 83 119 199 200 198 
85 87 88 90 89 96 94 96 97 100 100 102 100 104 101 102 105 110 119 111 161 174 177 180 182 183 184 186 186 190 192 191 191 192 194 194 194 192 194 194 195 196 194 194 195 194 196 194 194 194 194 194 194 195 194 196 197 194 195 196 196 194 199 198 199 198 198 198 198 198 197 191 192 196 192 
88 86 87 91 92 93 94 94 98 100 98 98 101 101 100 106 108 101 110 111 110 114 116 156 177 179 182 185 188 190 191 193 195 192 195 194 194 194 195 195 196 195 197 195 196 195 197 198 197 195 195 196 195 194 194 196 197 196 197 194 194 198 198 198 199 200 200 200 199 198 197 196 196 186 85 
85 86 86 89 89 93 93 94 96 98 98 101 100 101 102 107 102 99 107 109 102 112 112 117 125 127 165 182 186 188 190 190 192 192 192 194 194 194 195 195 196 194 194 194 195 195 195 196 196 194 192 194 194 194 194 196 198 196 194 196 198 199 198 198 200 200 199 198 198 199 197 197 195 194 149 
90 83 85 85 86 87 90 92 92 92 97 96 98 99 101 101 100 101 102 107 100 109 109 111 115 112 122 123 125 135 178 187 190 190 190 192 192 194 194 194 194 194 194 194 194 194 194 193 194 194 194 194 194 193 195 196 196 194 198 198 198 197 198 198 197 197 198 197 198 198 197 194 195 194 190 
79 72 81 82 86 88 87 91 89 94 92 97 94 96 98 98 103 101 100 104 103 100 110 111 115 118 120 124 132 137 136 142 140 146 172 190 190 194 191 192 194 195 192 194 193 193 195 195 194 194 193 194 195 192 196 194 194 198 198 198 197 197 195 197 197 196 198 198 197 196 197 194 194 192 190 
73 81 82 82 82 86 89 88 90 90 93 94 98 98 98 100 101 100 98 99 101 108 109 111 114 118 120 124 133 134 135 137 136 143 136 141 145 146 154 176 190 192 193 191 192 193 192 194 194 194 195 194 194 194 194 194 197 197 197 196 196 197 198 198 197 198 197 197 194 195 196 196 194 194 191 
76 80 78 74 84 84 83 87 86 88 93 92 90 94 94 94 94 94 98 95 98 101 102 101 112 117 115 116 121 132 134 134 136 138 138 137 137 144 145 145 143 142 146 137 137 137 166 181 188 190 190 189 190 191 194 194 194 197 194 194 194 196 195 195 196 197 196 195 194 194 193 194 192 194 134 
50 70 76 73 80 82 84 82 86 84 89 89 92 94 90 96 95 94 97 96 100 101 99 102 112 114 114 120 122 134 134 138 137 135 137 142 143 142 144 145 144 146 143 145 144 133 135 138 138 134 132 134 174 174 176 138 136 138 126 128 176 193 193 196 196 194 194 194 194 194 195 192 194 184 110 
41 43 49 69 73 73 81 82 83 85 83 86 89 90 90 93 94 93 94 94 95 95 98 101 110 113 114 121 130 134 136 136 136 136 143 143 147 145 143 145 142 144 145 137 137 144 142 135 135 130 126 130 133 132 132 132 133 132 124 120 122 122 186 191 194 194 194 191 190 190 190 192 185 124 188 
41 41 42 43 49 72 72 77 78 80 86 82 85 87 87 87 92 90 93 125 94 95 117 101 109 112 116 117 130 134 136 136 137 141 142 144 143 0 192 107 1 0 35 0 0 192 231 193 215 0 0 0 9 0 0 0 21 135 255 0 118 121 152 190 190 192 190 189 189 189 190 154 173 184 185 
41 41 41 40 41 42 46 70 74 73 80 81 83 82 85 85 86 87 86 90 90 92 93 95 100 108 111 114 121 131 136 137 136 136 142 142 142 142 142 143 143 142 138 144 140 142 142 143 145 148 133 132 132 134 128 128 137 138 119 117 119 120 187 188 189 189 187 186 188 181 116 185 187 190 191 
41 40 41 42 42 41 44 43 45 70 74 78 78 82 84 84 85 82 85 85 89 90 94 96 101 109 113 114 122 136 135 137 136 137 142 142 136 135 145 150 147 146 146 149 135 144 148 146 150 148 150 147 135 135 127 127 137 136 124 136 149 189 186 189 190 190 190 188 118 184 186 186 186 170 135 
41 42 41 41 41 41 43 39 41 43 43 61 76 79 74 79 80 85 84 85 86 85 86 89 101 109 109 117 0 133 135 132 136 144 142 142 142 144 147 148 147 148 149 148 146 144 150 150 151 150 148 152 148 142 130 130 138 137 130 183 182 181 184 183 182 184 143 173 180 181 185 188 175 132 130 
40 40 40 42 38 40 41 40 41 41 41 43 42 53 72 74 74 73 79 80 80 85 88 87 99 101 108 96 120 133 136 138 137 144 146 147 146 149 148 149 150 149 148 150 149 147 148 152 154 152 149 152 153 164 166 152 140 174 186 186 183 181 182 182 181 92 178 180 182 182 171 175 174 182 182 
