166 169 168 169 169 172 173 174 174 174 174 175 171 170 170 172 172 161 47 43 45 46 47 64 164 174 173 176 175 170 170 168 169 168 171 173 173 174 169 151 59 82 167 168 165 171 169 171 170 172 174 178 179 180 182 181 183 182 181 182 183 182 183 182 182 182 181 181 180 180 179 178 180 131 105 
167 169 169 168 171 173 173 173 173 175 176 172 169 167 169 169 170 172 152 48 45 45 45 47 98 176 175 177 175 176 172 173 174 172 174 173 176 178 177 176 173 96 144 148 173 173 176 174 174 176 175 179 183 181 182 183 180 184 183 183 184 186 183 184 181 182 182 180 181 180 182 179 178 184 119 
168 169 168 168 172 173 175 175 174 173 174 173 169 169 166 169 171 173 173 138 48 48 47 46 48 144 182 176 179 179 176 175 174 178 174 178 181 182 180 179 179 178 179 176 178 177 179 179 180 177 180 182 183 183 186 185 183 183 184 184 185 182 184 184 185 184 184 181 182 182 180 180 179 182 149 
166 168 169 172 171 174 174 176 177 175 175 172 169 166 166 164 170 175 180 177 150 51 49 54 111 166 160 184 183 179 179 179 179 178 179 181 181 180 182 179 180 181 180 180 180 180 182 182 180 181 184 184 184 184 183 182 184 185 185 185 184 185 185 183 183 183 183 183 181 181 181 180 180 180 190 
169 170 172 171 174 176 174 175 175 175 175 174 169 169 168 169 172 180 182 182 178 163 62 134 163 179 185 186 186 184 181 180 181 181 180 183 182 183 183 182 181 182 182 182 181 181 182 182 182 183 183 186 186 185 186 184 183 186 184 185 184 185 185 185 184 184 184 180 182 183 180 179 181 180 179 
167 171 171 171 173 173 174 175 177 175 174 173 171 170 170 172 179 181 182 181 182 179 176 173 183 183 184 184 184 184 185 180 183 183 183 184 184 183 184 183 183 183 181 184 181 183 183 184 184 182 183 185 185 186 188 185 186 188 186 185 184 186 185 186 185 185 183 184 182 181 182 179 179 179 180 
169 171 172 173 172 175 173 175 177 176 176 175 173 172 174 177 178 183 184 183 184 185 186 184 183 183 183 181 184 185 186 186 183 183 183 185 183 184 185 183 180 184 183 181 182 183 182 184 184 185 186 186 185 185 186 184 186 185 184 186 186 184 184 184 185 184 184 182 183 181 180 179 181 180 178 
170 173 174 175 175 176 180 185 186 186 187 186 186 185 184 188 188 188 187 184 184 184 185 184 185 185 182 122 51 49 48 51 52 165 184 184 187 188 185 186 186 185 185 185 186 185 184 185 184 185 184 186 185 185 186 186 186 187 185 185 188 186 186 184 185 184 182 182 182 180 180 180 179 179 178 
171 171 174 173 174 179 183 185 185 185 185 187 185 184 187 188 188 184 180 184 182 185 184 185 185 185 185 183 133 51 50 50 51 53 171 182 185 186 189 186 188 188 187 186 185 183 186 184 184 184 185 186 185 184 185 186 185 185 186 187 186 184 185 182 184 183 184 182 181 180 179 179 179 176 178 
170 173 173 173 176 180 182 183 184 183 186 182 184 186 187 186 182 182 182 181 184 184 185 184 186 185 183 184 183 161 52 51 51 50 55 153 181 186 187 185 185 184 186 186 184 185 185 183 183 184 184 185 185 185 186 185 186 185 186 185 186 185 184 184 183 180 182 181 181 180 179 179 178 178 175 
169 171 173 176 178 179 181 182 185 183 179 183 184 185 180 181 182 183 181 183 181 181 184 184 185 184 184 186 183 183 173 53 51 50 50 55 98 183 184 185 186 187 186 186 185 184 184 182 183 183 184 185 184 184 183 183 184 185 184 185 186 186 185 184 184 183 182 180 180 179 179 178 176 177 176 
167 169 172 175 180 180 181 183 180 181 183 183 180 180 182 181 181 181 179 180 180 182 185 184 186 185 183 185 186 181 183 179 61 53 51 51 53 64 181 186 184 184 185 186 184 183 184 184 181 181 183 182 182 182 183 184 184 184 186 186 185 187 183 184 183 182 179 181 181 178 179 179 177 178 175 
166 169 172 178 178 179 181 178 179 184 181 178 180 180 182 181 182 180 181 180 182 184 183 184 186 186 184 185 184 185 184 184 180 99 54 54 53 56 69 186 186 185 183 184 185 182 184 183 184 184 184 181 183 183 184 183 184 184 184 185 185 186 186 184 182 183 181 182 179 180 179 177 178 177 177 
169 173 173 175 175 178 178 181 180 178 176 178 178 179 179 180 179 180 180 180 182 182 184 182 181 183 185 183 184 183 184 184 182 182 171 57 55 88 165 182 190 185 183 185 179 182 182 181 182 182 183 181 183 183 183 182 182 184 183 176 182 185 186 183 184 182 181 182 180 178 178 176 175 174 175 
169 172 174 172 173 174 176 175 176 178 177 178 176 180 179 179 179 181 181 180 181 181 182 182 184 185 184 182 184 184 183 183 182 183 180 180 138 169 183 183 183 184 188 184 180 182 181 182 181 182 182 183 182 182 183 180 182 185 184 182 184 183 184 184 182 182 181 182 180 178 178 176 176 178 176 
166 170 171 172 177 173 173 174 175 177 175 178 179 179 178 180 179 180 180 180 180 181 184 183 182 181 183 183 181 182 183 183 182 182 183 184 183 184 181 183 183 184 183 186 185 183 180 182 182 178 178 183 181 181 182 182 183 182 181 183 181 184 185 182 182 180 180 179 178 177 176 175 173 175 175 
155 169 168 171 174 176 176 175 176 175 178 178 180 180 182 182 181 181 182 182 182 184 183 183 182 183 183 185 183 183 183 181 182 182 181 182 184 183 183 183 183 182 183 182 184 184 183 181 181 182 181 181 181 181 179 179 181 181 183 184 183 183 184 182 182 182 178 178 176 178 175 175 175 174 174 
150 154 154 169 171 169 170 173 174 174 175 177 176 178 179 181 180 180 180 179 179 179 181 180 182 182 181 180 180 181 180 179 179 181 180 180 180 180 181 181 182 181 180 180 179 182 181 182 181 177 178 177 179 178 178 179 179 179 179 180 181 182 181 183 181 179 181 177 176 175 176 176 174 174 174 
96 151 154 152 146 169 170 172 172 176 177 178 179 178 181 180 180 180 179 181 182 182 182 182 182 182 182 181 182 180 179 177 180 180 181 181 181 180 179 179 182 182 181 179 179 179 181 181 182 181 178 178 180 179 177 179 178 178 179 179 180 181 183 182 181 178 178 176 176 175 173 176 173 172 174 
90 67 118 112 109 110 164 171 173 174 174 178 176 178 178 178 181 178 180 180 182 181 180 181 179 179 180 179 181 181 179 180 177 179 181 179 180 177 179 179 179 178 179 180 180 176 179 179 176 152 109 173 176 178 177 179 177 178 179 180 179 182 181 180 181 178 176 175 175 178 175 174 175 173 173 
81 92 96 101 103 101 109 124 172 172 174 174 178 178 178 178 178 178 178 180 180 181 179 180 182 179 179 179 179 178 178 178 178 179 179 179 179 178 179 178 175 178 178 176 176 178 178 165 101 64 63 60 87 170 174 172 176 176 177 178 179 178 178 181 180 178 178 175 175 174 174 174 171 172 170 
87 89 95 100 100 102 105 108 110 152 174 175 178 176 176 180 179 178 178 176 178 181 178 180 178 174 179 180 179 177 177 175 178 177 178 178 178 174 176 178 179 175 178 176 176 174 176 176 172 128 64 61 58 58 67 166 168 173 174 176 177 179 181 180 179 176 176 175 175 175 174 173 172 171 168 
124 112 126 132 137 135 135 136 135 136 137 171 175 177 176 178 178 174 179 178 178 179 176 178 181 179 179 176 178 179 179 178 179 179 178 178 174 178 178 179 177 178 179 177 176 177 176 175 174 173 173 163 70 60 61 60 60 76 172 176 178 176 179 178 180 178 179 176 176 175 174 173 171 170 169 
136 138 131 143 146 150 148 151 152 155 155 160 160 174 178 178 178 178 177 178 178 179 178 177 176 176 173 179 179 177 178 176 176 175 175 176 179 176 175 174 176 176 178 177 178 174 175 176 173 175 170 172 170 172 135 64 64 157 173 160 178 180 182 179 176 176 175 175 174 173 171 170 170 167 169 
134 138 135 144 143 149 144 152 154 153 156 159 160 162 161 175 176 178 176 178 177 175 178 179 178 174 178 179 175 178 176 177 176 178 176 176 176 177 174 175 177 174 176 176 178 177 176 175 178 174 173 172 172 172 171 169 166 169 169 171 170 172 175 175 178 178 168 120 150 162 165 165 160 166 174 
135 136 140 129 143 146 150 150 152 154 156 159 154 154 161 162 163 170 174 178 176 175 176 175 177 176 178 177 174 177 176 175 177 178 175 176 176 175 174 174 178 174 176 174 175 175 176 173 178 178 171 170 172 172 172 173 171 171 169 171 172 172 172 170 170 150 82 69 61 58 57 58 67 165 164 
135 134 136 138 135 144 149 150 153 154 156 149 154 156 157 161 154 154 162 169 175 173 176 175 174 175 175 176 176 175 176 176 176 174 174 174 173 172 173 174 176 176 174 173 174 178 175 175 176 174 171 173 170 173 172 168 171 171 170 171 172 172 172 173 172 171 171 169 168 166 165 162 165 161 160 
98 128 136 138 134 144 146 0 196 21 0 0 0 0 0 193 215 0 0 0 1 0 0 0 25 135 255 0 175 175 173 172 176 174 171 173 174 176 173 173 172 174 174 176 174 173 175 175 174 173 173 173 173 173 173 172 172 168 171 170 172 172 172 171 171 171 170 169 168 166 164 165 163 155 157 
123 101 127 136 136 130 147 151 154 151 152 155 154 154 156 153 154 156 161 154 153 153 163 162 164 170 174 175 173 173 174 174 173 174 175 174 174 175 174 173 175 175 175 175 175 174 173 175 173 173 174 175 171 172 171 171 169 173 172 169 170 170 171 172 170 171 170 169 168 169 168 164 163 160 163 
123 122 109 121 136 143 133 143 148 150 151 153 154 154 153 157 154 156 156 157 156 160 159 153 164 162 160 161 165 171 170 173 170 171 169 172 171 172 172 170 173 169 172 172 173 171 173 171 173 172 172 170 172 171 171 169 170 170 169 167 167 169 169 169 171 169 168 169 169 167 165 163 157 157 154 
101 122 118 103 134 136 137 143 146 150 149 150 149 153 154 154 154 155 154 154 154 154 157 155 154 156 161 160 156 154 156 164 166 170 169 169 169 169 169 166 169 172 171 169 171 171 169 172 173 171 171 172 171 169 169 170 169 165 167 169 166 170 168 168 169 169 167 165 165 162 154 163 155 153 150 
100 87 110 109 128 135 137 137 142 146 148 146 149 150 152 152 151 151 151 150 151 152 154 156 155 156 154 155 154 156 152 153 152 150 151 156 165 169 169 167 171 166 170 169 169 170 170 171 170 170 169 170 170 169 169 169 168 169 168 170 165 168 166 167 165 165 165 163 161 154 163 153 155 152 146 
98 101 114 126 131 134 138 143 127 145 144 138 127 119 117 126 135 137 145 148 149 149 150 151 150 165 153 152 150 150 148 145 148 150 150 151 151 150 150 149 154 162 166 169 168 169 168 170 170 166 169 168 170 168 166 167 166 166 165 163 165 164 165 164 162 163 162 162 153 153 147 135 131 131 127 
98 109 118 122 130 131 135 135 129 122 121 124 142 144 145 144 143 136 133 130 130 130 121 136 151 148 146 147 146 144 144 143 142 143 145 148 146 146 145 145 148 149 147 149 147 147 147 151 152 156 163 163 162 165 163 154 157 154 153 154 151 144 142 144 144 139 133 136 136 133 131 128 130 126 124 
109 96 114 127 127 132 135 124 119 113 129 142 142 144 144 144 146 134 136 138 139 136 143 149 131 115 136 147 137 141 142 142 144 142 142 142 144 146 144 146 145 147 144 148 147 145 150 149 148 150 147 142 146 148 147 146 145 146 143 139 137 136 138 139 142 136 137 133 128 128 131 122 127 122 120 
117 99 102 112 127 126 119 110 122 131 132 136 135 136 143 137 144 136 132 137 135 135 137 141 142 131 116 136 136 138 138 137 138 137 136 137 138 136 143 143 143 143 136 142 142 140 140 144 142 144 136 144 143 142 137 138 137 138 137 134 134 134 134 134 133 132 128 127 126 125 122 122 117 116 103 
117 120 121 122 118 119 120 124 130 130 133 126 137 138 139 136 136 137 132 132 134 134 132 135 139 133 114 127 134 134 134 134 134 137 135 136 137 136 137 138 138 140 138 139 140 140 143 137 142 134 138 137 143 136 140 140 138 139 132 131 131 133 131 130 127 127 126 124 122 119 116 118 112 108 102 
117 114 121 126 123 110 120 120 125 128 126 118 119 134 130 131 122 126 125 127 125 127 126 135 133 126 112 129 134 135 133 131 132 132 133 133 133 132 134 133 134 134 134 133 135 135 136 137 131 136 137 137 134 133 133 132 134 134 127 122 123 125 125 126 122 119 121 116 114 114 111 99 100 110 115 
120 120 121 124 126 88 99 86 72 74 73 82 87 91 100 112 73 84 121 119 117 117 122 127 128 130 113 139 145 145 136 133 129 130 127 128 127 126 128 132 131 131 133 131 133 131 134 126 134 134 134 134 134 133 132 133 131 130 128 123 121 119 123 122 118 117 115 113 102 100 113 120 128 100 97 
115 114 117 119 120 122 92 114 122 122 122 122 114 118 118 125 120 94 98 95 111 113 119 124 124 117 113 117 124 137 143 130 126 121 126 124 126 124 125 123 124 126 126 124 127 125 120 128 127 133 137 138 130 131 135 136 137 136 133 125 120 119 125 124 117 115 122 115 100 124 103 98 93 91 88 
