115 114 116 118 118 120 122 123 125 124 126 126 130 127 128 130 132 133 134 135 134 130 133 133 132 134 134 133 134 133 132 133 125 48 45 44 45 102 128 130 125 93 78 94 127 126 126 130 130 128 130 133 134 134 132 133 132 130 130 127 125 124 119 120 120 122 122 121 117 118 113 116 113 111 112 
114 115 118 118 121 122 124 122 126 126 126 130 126 126 125 127 127 134 135 136 138 136 134 134 135 133 134 133 134 133 134 133 130 50 46 45 44 102 131 130 131 130 131 127 129 130 130 131 130 133 133 134 134 134 134 133 129 130 130 130 126 125 125 122 122 118 120 120 118 117 116 114 114 115 112 
117 119 119 119 122 125 123 121 126 127 130 127 127 124 128 130 132 135 136 139 137 136 137 137 135 136 134 135 136 136 135 133 132 51 48 48 47 86 132 134 131 133 132 133 131 133 130 130 131 133 134 135 132 134 133 134 130 130 130 130 127 125 125 122 122 122 121 123 119 119 118 116 114 112 114 
117 120 118 119 124 125 126 127 126 130 131 131 127 130 128 127 131 134 137 138 142 138 138 135 138 137 138 135 136 138 135 135 134 57 46 46 48 67 133 134 134 134 131 132 133 133 130 134 133 133 134 134 136 134 134 134 131 130 130 130 127 126 126 125 125 124 122 122 121 121 117 118 114 114 112 
118 118 121 121 120 124 125 128 127 134 134 131 130 130 132 126 131 136 141 143 135 140 138 136 135 134 137 138 134 138 134 136 133 68 49 46 47 53 133 136 134 136 134 133 134 133 133 132 133 134 133 134 134 133 132 128 133 131 130 127 128 127 121 126 125 125 125 125 122 119 119 117 115 114 111 
120 118 122 122 122 125 126 132 131 132 133 132 130 131 133 134 138 142 143 142 142 138 139 137 140 140 138 136 136 138 137 136 133 98 49 46 45 52 131 134 135 134 136 132 134 132 134 131 133 132 133 134 133 132 134 132 133 130 130 127 62 126 125 126 126 122 125 124 123 121 120 118 117 113 111 
120 122 119 126 126 121 130 130 132 134 135 137 135 136 138 137 141 137 142 142 144 141 138 141 140 140 140 138 136 134 135 138 135 124 50 48 48 52 135 134 137 136 137 135 134 133 133 134 134 132 136 134 134 134 133 133 132 131 130 128 126 127 126 125 124 126 126 126 125 122 121 118 118 114 114 
120 119 122 122 125 128 130 128 132 134 138 137 138 136 142 146 146 145 142 142 145 142 143 137 142 136 140 138 138 139 140 136 135 129 51 48 49 52 130 138 137 136 136 137 135 133 134 134 135 130 133 132 134 133 131 135 130 130 130 130 130 126 128 126 125 127 125 126 126 124 124 121 118 116 114 
121 119 121 120 125 127 130 133 133 132 135 138 135 142 142 146 146 142 142 142 144 136 142 138 135 135 136 138 138 138 136 138 134 133 52 50 49 54 135 138 138 138 138 137 134 134 131 133 133 131 133 132 134 134 130 133 130 130 127 127 128 126 124 126 126 126 126 125 125 124 122 122 119 116 116 
119 120 126 122 125 127 128 132 134 136 137 140 141 142 141 146 146 144 144 143 144 144 137 142 142 136 141 137 138 140 137 140 140 135 54 50 50 53 137 141 136 138 134 135 135 133 133 135 128 133 132 132 130 132 133 132 132 129 127 128 126 126 126 125 126 126 127 125 126 124 122 121 120 117 116 
122 120 124 123 122 127 128 132 133 137 135 135 142 143 137 145 145 145 143 144 143 137 142 142 137 138 136 140 139 138 138 137 137 136 54 53 51 52 136 138 138 138 136 136 133 134 133 132 134 130 133 133 130 131 132 132 130 128 127 126 126 126 125 124 125 125 126 125 127 126 121 120 119 117 115 
120 121 124 125 126 129 130 130 133 138 140 144 142 142 144 146 146 145 144 143 142 145 143 142 137 137 136 137 137 136 138 140 143 134 57 53 51 53 137 141 135 137 136 137 137 133 132 131 131 131 126 132 131 130 128 128 130 128 128 126 124 125 126 126 125 126 126 125 127 124 125 120 120 117 114 
120 120 121 124 122 126 128 132 133 134 137 140 144 136 146 145 145 138 144 142 144 143 142 137 137 142 143 138 136 137 135 135 140 134 58 53 50 53 136 138 137 134 137 136 131 132 132 131 126 128 127 132 130 129 128 128 128 128 126 125 124 127 125 125 121 125 126 126 125 124 124 120 118 119 113 
120 121 124 125 125 127 128 133 136 136 137 142 142 144 147 146 145 147 143 146 145 144 146 145 142 137 137 137 142 136 143 136 138 138 70 53 50 54 134 137 136 138 140 137 134 133 131 130 131 130 130 132 131 130 128 131 128 128 127 126 121 124 128 121 127 125 126 126 125 122 125 117 117 115 114 
120 120 122 120 124 126 125 130 133 137 137 143 143 145 144 145 146 145 147 144 146 144 146 144 146 143 137 136 141 138 142 139 137 138 96 53 51 54 130 141 136 138 136 135 131 127 132 130 127 130 128 131 129 130 128 125 0 126 122 122 122 122 126 124 121 126 125 127 125 124 125 121 118 116 113 
121 122 123 121 124 126 126 132 135 135 142 143 147 147 145 149 150 148 146 148 147 143 145 142 142 143 143 142 137 138 136 138 135 138 125 55 53 53 130 137 137 135 137 133 133 132 132 128 131 123 130 127 126 126 126 125 126 124 127 122 126 125 122 124 120 124 124 125 125 124 124 119 116 117 112 
120 120 120 124 124 125 126 125 134 138 142 143 144 146 148 149 148 148 146 145 146 146 146 143 144 143 142 140 137 136 140 134 136 138 133 56 55 54 130 139 139 136 135 132 133 133 132 126 129 130 127 126 124 127 126 127 123 126 124 120 124 122 123 122 122 122 124 125 124 124 121 117 117 114 112 
125 124 121 119 124 124 126 126 126 134 143 144 146 147 152 151 150 146 150 148 146 144 146 145 144 144 143 137 138 137 137 137 135 136 134 57 51 53 124 140 138 138 134 133 134 130 127 126 126 125 125 125 124 122 125 125 124 124 125 120 122 121 122 121 120 122 122 122 124 123 119 117 117 114 113 
121 122 124 123 121 126 126 130 128 135 138 146 149 150 150 152 150 149 148 146 149 147 146 146 144 146 142 136 143 140 138 137 136 137 136 57 54 54 114 134 135 134 134 133 131 128 128 126 125 124 120 124 125 125 124 122 121 120 122 125 122 118 122 121 122 124 122 122 124 122 125 122 122 121 116 
73 79 67 54 69 108 122 125 126 128 131 134 135 135 136 140 140 141 140 144 146 145 150 149 145 146 146 148 143 138 146 146 142 137 137 137 140 140 144 138 134 60 60 63 136 139 136 135 134 134 133 133 132 127 131 129 132 131 128 129 127 128 128 125 126 125 124 124 122 122 125 124 123 118 119 
62 59 96 120 125 127 131 128 131 131 134 133 135 137 142 145 153 154 150 152 149 152 152 152 148 149 150 146 149 148 148 144 144 144 143 142 143 136 137 140 136 60 58 62 138 136 137 136 134 134 133 132 132 132 131 127 128 132 130 128 125 125 125 124 125 124 126 124 125 125 126 124 125 120 120 
104 117 122 122 125 124 130 131 130 131 133 134 133 136 143 143 153 157 153 157 154 155 152 154 150 149 151 149 147 148 150 146 149 145 144 143 137 136 143 142 136 62 62 63 134 140 139 134 136 134 134 131 131 127 130 126 128 128 128 127 126 124 126 125 124 126 125 123 124 125 124 125 120 122 118 
117 120 120 124 125 128 129 131 132 134 133 136 135 136 143 145 148 155 152 157 162 154 157 152 154 152 152 150 152 151 149 150 151 146 144 144 144 144 142 143 142 63 60 64 140 137 144 140 137 138 133 134 131 132 130 127 126 123 124 126 123 122 124 124 125 122 124 126 125 123 124 122 121 119 117 
119 122 122 122 123 130 130 130 134 135 136 136 135 137 144 145 147 162 159 163 162 161 160 154 156 156 157 151 153 153 152 150 150 149 149 144 146 143 143 145 143 68 62 60 143 142 144 142 138 137 134 133 131 130 131 128 131 128 126 124 126 127 122 126 124 124 121 123 122 123 122 121 120 119 117 
121 125 126 127 127 128 130 133 135 136 138 134 139 140 144 147 146 154 166 165 169 162 164 162 162 162 154 157 157 156 157 154 152 150 147 145 146 146 146 144 143 74 63 61 144 144 144 144 140 137 135 134 133 130 130 129 127 127 123 125 122 124 126 124 126 123 121 124 125 123 123 122 120 120 117 
123 121 125 127 130 126 127 133 135 134 138 137 136 144 146 149 151 152 160 170 169 166 165 168 165 164 163 161 162 161 162 156 156 152 151 149 147 146 145 147 143 99 62 61 143 147 145 145 136 138 135 133 134 133 128 129 129 129 130 127 126 125 124 125 120 120 119 122 122 125 124 123 121 118 117 
120 124 123 126 127 126 128 132 133 136 137 136 146 143 146 150 153 159 160 172 174 171 172 168 169 167 165 165 164 162 161 161 153 152 149 146 147 144 146 144 144 123 62 64 139 143 146 144 138 138 134 133 133 128 128 126 126 127 126 126 124 122 122 121 122 120 121 116 118 114 112 99 79 58 53 
117 121 125 127 127 126 129 130 131 136 136 139 146 149 148 152 156 160 162 169 176 174 173 172 169 168 168 166 164 164 161 165 156 154 150 149 146 144 146 146 144 140 63 60 138 146 146 146 143 136 138 132 133 126 125 124 124 122 120 113 100 89 67 52 50 45 46 46 50 56 76 95 110 113 113 
117 123 127 127 126 125 130 134 134 136 138 136 143 151 161 156 160 165 171 173 170 178 178 175 174 172 171 169 166 161 164 159 156 154 151 148 146 147 145 145 143 133 63 60 133 143 142 133 118 94 72 64 60 57 53 53 51 51 51 58 73 96 114 117 119 117 119 115 115 118 117 118 119 119 114 
116 120 125 127 126 132 134 134 132 137 137 137 146 152 165 171 165 170 173 177 177 180 181 180 179 176 176 175 172 169 165 162 154 152 147 127 127 110 87 74 71 68 62 63 64 65 71 82 101 120 128 131 130 127 127 124 125 124 124 122 123 120 124 121 119 117 118 118 117 117 118 119 117 117 117 
115 119 122 128 127 128 131 131 132 136 137 136 146 154 165 173 180 174 176 177 171 164 162 152 134 130 123 124 117 112 101 100 95 94 85 96 112 128 142 142 144 146 69 63 122 145 145 143 143 138 136 135 133 131 129 127 126 122 124 122 122 121 118 119 117 114 115 116 116 112 114 115 115 116 113 
111 117 121 127 123 128 130 132 132 131 119 80 74 88 99 112 136 152 154 159 172 185 188 196 196 195 175 189 184 179 172 166 164 161 152 154 151 150 152 150 149 148 72 64 118 145 147 146 144 137 136 131 134 131 126 126 126 123 122 123 120 121 118 119 114 118 116 113 102 112 114 112 116 114 114 
110 114 120 122 129 130 126 90 63 65 84 140 149 165 187 207 218 221 220 214 199 199 199 198 199 199 199 196 194 185 178 170 166 160 164 156 154 153 153 152 150 149 81 66 120 148 150 143 147 136 136 136 136 133 129 126 125 125 122 123 121 119 114 118 114 111 112 108 112 111 109 110 111 86 74 
109 112 118 125 127 118 63 64 128 133 136 143 149 163 188 214 222 223 222 222 220 205 201 202 201 205 202 202 197 189 177 171 166 164 154 154 153 152 153 152 153 149 101 68 105 146 146 143 143 136 140 135 133 128 126 124 124 121 120 119 117 116 113 114 114 99 90 74 63 64 66 61 67 69 69 
107 102 116 123 127 70 64 129 133 135 138 144 152 166 189 216 224 224 224 223 223 222 207 202 207 201 201 202 196 184 176 173 167 164 164 162 155 154 154 154 153 151 126 67 121 147 147 142 144 140 136 133 132 128 126 124 122 120 120 116 81 70 63 69 67 62 64 63 62 60 58 58 64 60 66 
104 109 114 122 120 63 113 130 130 136 136 144 152 166 191 216 224 226 226 224 222 223 222 212 209 208 205 207 200 195 182 174 170 166 165 162 160 154 153 153 154 154 122 69 137 142 143 136 138 138 133 133 131 130 126 122 125 122 118 72 70 70 70 67 66 64 64 64 55 50 53 60 49 55 48 
109 111 115 120 119 66 125 126 128 132 136 143 151 166 190 219 226 226 224 224 224 224 223 222 212 209 205 203 198 189 180 171 166 163 160 156 156 154 153 151 147 143 137 74 118 141 143 142 137 138 138 135 134 130 128 123 122 120 74 70 69 63 64 63 61 64 60 70 56 63 63 48 58 48 49 
101 102 111 119 122 74 120 126 129 130 137 142 148 163 192 221 224 226 226 224 225 217 222 223 223 224 222 213 202 196 190 182 175 168 166 164 164 163 157 153 153 152 147 144 92 144 192 0 196 6 0 0 0 0 0 193 215 0 0 0 2 0 0 0 2 135 255 0 54 47 48 46 51 50 50 
86 96 102 117 121 122 86 116 127 132 136 142 152 163 191 218 225 226 226 226 224 224 224 223 216 197 183 184 217 209 195 182 177 172 169 166 166 164 165 161 161 154 153 80 77 141 141 137 137 135 132 128 124 121 117 116 100 68 67 62 61 58 53 52 47 68 51 49 47 53 47 46 51 44 86 
57 61 96 114 119 119 120 109 104 131 136 143 149 160 180 221 221 186 226 225 224 224 224 225 224 226 226 224 222 213 197 183 177 173 171 169 168 170 165 165 162 157 153 83 80 142 137 140 138 133 130 125 119 119 114 100 69 62 61 55 51 49 41 37 36 38 38 36 37 36 37 36 41 56 66 
